Bubble Sort :
0
0
0
1
2
2
3
3
4
4
5
5
6
7
9
9
10
12
12
14
15
16
16
17
19
21
23
24
24
26
30
33
35
37
37
38
40
41
41
43
44
45
46
48
49
49
49
51
52
52
54
54
55
56
57
58
59
61
62
62
63
63
64
65
66
66
67
67
69
69
70
71
71
73
74
76
76
81
83
84
84
85
87
87
88
90
91
91
91
92
92
93
94
94
94
96
98
98
98
98
99
99
100
104
105
106
106
108
109
109
109
110
111
112
113
114
115
116
117
117
118
118
118
121
123
123
124
125
125
127
128
128
128
129
129
130
130
132
137
139
140
141
142
143
144
144
145
145
146
147
148
148
149
151
151
152
152
152
152
153
155
155
158
159
161
162
165
165
165
166
168
170
170
170
172
173
174
175
176
180
181
182
184
185
186
187
188
191
194
194
195
196
196
201
201
202
202
203
203
204
205
208
209
211
212
213
213
214
214
215
217
219
219
220
220
223
223
223
226
227
227
229
229
231
231
232
232
233
236
237
237
237
237
239
239
241
241
242
243
244
244
251
251
253
255
255
255
256
256
256
256
256
257
257
258
261
262
264
267
269
269
270
271
271
272
274
274
275
275
276
276
277
278
279
280
280
282
282
284
285
285
286
286
288
289
290
290
291
295
300
301
301
309
311
313
315
316
317
318
319
320
321
322
322
323
324
325
326
326
328
328
328
329
331
331
333
333
333
335
335
337
341
341
342
343
343
343
344
345
346
347
351
353
353
354
356
356
356
356
357
358
358
359
359
359
359
360
361
361
361
361
361
362
363
365
366
366
366
366
369
370
371
371
372
372
377
378
379
381
382
385
392
392
393
393
393
395
395
397
400
401
402
404
406
407
407
408
411
411
412
413
414
414
414
414
417
418
419
420
421
424
425
427
427
428
428
428
429
429
432
433
433
434
434
434
436
436
437
437
437
439
440
440
443
443
446
446
447
447
448
450
451
452
453
453
458
459
459
459
461
462
462
462
463
463
465
465
465
466
466
466
466
467
467
467
468
468
470
470
471
473
475
477
478
479
479
479
480
480
480
481
481
481
483
484
485
486
486
487
487
488
488
489
491
491
492
492
493
493
495
497
498
499
501
501
502
504
504
504
507
507
507
507
507
508
508
508
509
510
511
511
513
514
515
517
518
519
519
521
523
524
525
525
526
526
526
528
529
531
533
533
534
535
535
535
538
539
540
540
540
541
543
543
544
545
546
546
547
548
550
552
553
556
559
561
562
562
565
565
567
568
568
570
570
571
572
572
574
574
574
576
577
579
581
583
585
587
588
589
590
591
592
593
596
598
600
601
601
601
601
603
603
605
605
605
606
606
606
606
608
609
609
610
612
613
613
614
616
616
617
618
618
619
622
623
623
625
625
626
626
626
628
628
629
629
630
631
631
631
631
634
634
635
635
635
635
636
636
637
638
640
642
643
644
646
647
648
649
650
650
651
652
656
656
656
657
657
658
658
658
658
659
660
660
663
666
666
671
671
671
675
676
676
681
683
683
684
686
686
687
687
689
689
690
690
690
692
693
694
695
695
697
699
702
703
704
705
705
707
707
708
709
710
714
714
717
718
719
719
720
722
722
725
725
726
727
732
732
733
734
735
737
738
740
740
741
742
743
745
748
750
751
753
753
754
754
755
755
755
756
756
756
756
758
759
760
761
762
763
767
768
768
769
769
770
771
772
773
774
776
776
776
779
780
780
781
783
783
783
784
785
786
787
789
789
790
790
791
791
792
792
792
793
794
795
796
798
798
798
802
806
807
808
809
809
810
811
812
813
813
814
815
817
822
823
824
824
824
824
825
826
828
828
829
829
830
830
833
833
834
834
834
837
839
841
842
842
843
844
844
845
845
846
847
848
848
848
849
850
851
853
854
856
856
857
858
859
859
861
861
862
863
863
864
865
865
867
868
868
870
870
871
873
874
875
876
876
878
878
878
879
879
880
880
881
882
883
884
885
885
885
887
888
890
890
891
895
895
897
897
898
899
900
901
902
903
904
904
906
906
907
908
909
909
912
913
914
914
917
918
919
920
920
920
922
923
925
926
927
927
928
929
929
929
930
931
931
933
934
936
936
937
939
939
940
940
941
943
946
947
947
948
950
950
952
952
953
955
956
958
959
960
960
961
961
961
963
963
963
963
965
967
968
968
969
969
971
972
972
976
978
978
979
980
980
981
982
982
983
983
983
984
985
985
985
985
985
985
986
986
989
990
990
992
993
996
998
998
998
998
Time elapsed : 14.929506    ms
