Merge Sort :
0
0
1
4
4
4
5
7
8
11
13
14
15
16
18
18
18
18
19
19
23
23
24
25
27
29
31
31
31
31
34
34
34
34
35
35
37
38
40
41
42
43
44
46
46
47
49
49
49
50
51
51
51
53
53
53
55
55
55
56
56
56
57
57
59
60
62
63
65
65
66
66
67
67
68
69
70
70
72
72
77
78
80
80
81
82
87
88
88
88
89
89
89
90
90
91
93
94
95
95
95
96
97
99
101
104
104
105
105
107
107
108
108
111
114
114
115
117
118
118
120
120
120
121
121
121
122
122
123
123
123
124
124
125
126
128
129
129
130
133
137
137
138
139
140
141
141
141
142
143
145
145
146
147
149
151
151
152
153
154
156
157
158
160
160
162
162
162
164
164
165
165
166
166
167
168
169
170
171
171
172
172
174
174
174
177
177
178
178
179
181
183
183
184
185
186
188
188
189
190
191
192
194
195
195
196
197
197
197
198
198
198
199
201
201
203
206
206
208
210
210
210
212
212
214
214
214
216
221
223
224
226
227
227
228
229
229
229
231
235
235
238
238
240
240
241
241
242
244
245
246
247
248
249
249
249
250
251
255
256
257
258
258
260
261
261
263
263
266
267
267
268
269
270
270
270
271
271
273
274
276
277
277
278
278
280
280
282
284
285
286
287
287
288
289
290
291
292
292
292
293
295
297
298
298
299
300
300
300
303
304
305
306
307
307
309
309
312
313
314
315
315
316
319
319
322
323
323
324
324
325
327
329
330
331
332
333
333
333
336
336
336
337
338
339
339
339
342
343
345
346
347
347
347
348
351
353
353
356
357
358
358
359
360
363
364
365
365
369
371
371
373
373
373
373
373
374
374
376
376
377
377
378
379
381
382
385
385
386
387
388
388
389
391
392
394
396
397
398
399
400
400
400
402
402
402
402
402
403
405
406
406
412
414
417
418
418
419
419
420
421
421
422
423
424
425
426
427
432
432
433
434
435
435
437
438
440
441
442
444
444
446
446
446
447
449
451
452
455
456
456
456
457
459
459
459
459
460
461
462
463
464
464
464
465
465
466
468
469
470
470
470
470
471
473
473
475
476
477
479
479
481
481
483
485
487
489
489
491
491
492
493
493
496
496
496
497
497
499
499
500
500
501
501
502
504
505
506
506
507
507
509
510
511
511
511
512
513
513
513
514
515
517
519
519
523
524
525
528
528
528
529
529
530
531
532
533
534
536
537
538
539
539
540
540
541
541
542
544
546
546
546
555
555
556
558
559
561
561
562
569
570
570
570
570
571
572
573
574
574
574
575
575
576
576
577
577
579
580
580
583
585
586
588
588
591
592
593
593
595
595
596
597
597
598
599
599
600
600
604
604
605
606
606
607
608
608
608
612
613
614
614
616
617
617
618
618
619
621
622
623
625
626
627
628
630
630
632
633
633
635
635
637
637
638
639
640
640
641
641
642
642
644
644
644
644
644
647
648
649
649
649
650
651
652
653
654
655
655
656
657
658
658
658
660
661
661
662
664
664
667
668
669
671
672
673
673
675
676
678
678
679
679
679
679
681
681
682
682
683
683
684
684
687
687
687
687
689
691
693
693
694
698
698
700
700
702
704
704
707
707
710
712
713
713
714
716
716
718
719
722
725
727
731
738
740
740
741
741
742
742
744
745
746
746
746
748
748
750
753
753
754
760
761
762
762
763
763
764
764
765
765
765
765
766
767
768
769
771
772
772
774
775
777
777
777
778
778
780
780
780
783
784
784
784
785
787
789
792
794
794
794
796
796
797
799
802
803
804
805
806
807
807
808
810
812
812
812
813
813
813
814
814
814
815
817
818
819
820
822
823
825
826
826
829
829
829
830
830
830
831
831
832
833
833
834
834
834
835
835
837
837
841
841
843
845
847
850
850
852
853
853
854
856
856
857
858
859
860
861
861
861
863
864
865
865
866
866
867
869
869
871
871
873
874
874
875
875
876
881
884
887
889
890
890
890
890
891
896
898
899
901
902
903
904
904
907
909
910
910
911
911
913
913
914
917
917
919
923
923
924
925
926
927
928
930
931
932
933
934
934
935
936
937
937
938
938
940
940
941
941
941
943
943
943
946
947
948
950
950
952
952
953
953
954
956
957
958
958
958
959
960
961
963
966
967
967
968
969
970
971
972
973
973
973
974
974
974
975
976
977
978
981
982
984
985
985
988
989
990
992
992
992
994
994
994
995
996
997
998
998
1000
1000
1002
1005
1007
1007
1009
1011
1011
1012
1013
1013
1014
1014
1014
1014
1015
1016
1019
1020
1021
1022
1023
1023
1024
1025
1026
1027
1028
1029
1029
1029
1029
1030
1031
1035
1035
1037
1038
1039
1040
1040
1040
1041
1041
1042
1043
1044
1045
1047
1047
1048
1048
1048
1050
1051
1052
1052
1052
1054
1057
1058
1061
1061
1061
1063
1065
1066
1069
1071
1071
1073
1074
1075
1076
1076
1076
1077
1077
1079
1080
1081
1083
1083
1084
1084
1086
1087
1088
1088
1089
1090
1093
1094
1094
1096
1098
1099
1100
1102
1103
1105
1106
1106
1108
1108
1108
1108
1108
1109
1109
1110
1112
1116
1118
1119
1120
1120
1120
1122
1124
1124
1125
1126
1127
1128
1129
1129
1132
1132
1132
1132
1133
1133
1134
1134
1136
1137
1137
1139
1142
1142
1144
1147
1147
1147
1147
1148
1149
1153
1154
1155
1155
1156
1156
1158
1158
1159
1160
1161
1161
1162
1165
1166
1168
1169
1170
1170
1171
1171
1171
1171
1173
1175
1175
1176
1178
1178
1178
1179
1180
1183
1183
1183
1184
1184
1184
1185
1188
1189
1190
1192
1192
1193
1193
1194
1194
1195
1197
1199
1200
1200
1201
1203
1204
1204
1205
1205
1207
1207
1207
1207
1208
1208
1208
1210
1210
1212
1212
1213
1214
1214
1214
1215
1217
1217
1217
1218
1219
1220
1221
1222
1222
1223
1225
1226
1227
1227
1227
1230
1233
1235
1239
1239
1239
1240
1240
1241
1243
1244
1244
1246
1246
1246
1247
1247
1248
1249
1250
1251
1251
1253
1254
1254
1254
1255
1255
1256
1258
1258
1259
1259
1261
1262
1263
1263
1266
1266
1266
1268
1269
1269
1271
1274
1275
1275
1275
1275
1276
1277
1278
1278
1279
1279
1279
1281
1282
1284
1286
1286
1286
1287
1288
1288
1289
1290
1291
1291
1291
1294
1294
1297
1298
1299
1300
1300
1301
1303
1305
1305
1307
1307
1307
1308
1308
1308
1309
1310
1311
1311
1312
1313
1313
1314
1314
1316
1316
1317
1317
1319
1319
1321
1321
1322
1324
1324
1324
1325
1325
1329
1331
1331
1331
1331
1331
1333
1333
1333
1334
1337
1339
1340
1341
1341
1342
1342
1342
1342
1343
1344
1346
1347
1348
1349
1355
1356
1356
1357
1359
1359
1361
1361
1365
1367
1368
1368
1370
1371
1372
1372
1375
1376
1376
1376
1378
1379
1379
1382
1382
1384
1385
1386
1386
1386
1388
1388
1389
1390
1390
1391
1392
1394
1394
1396
1396
1397
1397
1398
1398
1399
1399
1400
1400
1403
1406
1409
1410
1414
1415
1417
1417
1417
1419
1419
1419
1422
1425
1426
1426
1427
1427
1428
1429
1429
1429
1429
1431
1431
1432
1433
1434
1434
1435
1436
1437
1440
1441
1442
1445
1445
1446
1447
1447
1447
1447
1448
1448
1448
1448
1449
1450
1450
1451
1453
1453
1454
1455
1456
1456
1458
1460
1460
1462
1463
1463
1464
1465
1469
1470
1472
1472
1476
1476
1476
1477
1481
1482
1483
1484
1485
1486
1486
1487
1487
1489
1490
1490
1494
1495
1496
1499
1499
1500
1501
1501
1504
1504
1506
1507
1510
1510
1512
1512
1513
1513
1514
1514
1515
1515
1520
1520
1521
1522
1525
1525
1528
1529
1532
1534
1535
1537
1538
1539
1542
1542
1543
1544
1547
1549
1552
1553
1554
1555
1555
1556
1556
1556
1557
1558
1559
1561
1561
1564
1564
1564
1565
1565
1566
1566
1569
1570
1572
1573
1573
1575
1575
1575
1577
1577
1577
1579
1581
1582
1583
1585
1588
1589
1592
1595
1595
1596
1597
1598
1599
1601
1601
1602
1602
1602
1603
1604
1604
1605
1605
1606
1607
1607
1607
1609
1609
1609
1609
1609
1611
1611
1613
1614
1616
1617
1617
1618
1620
1620
1621
1622
1623
1625
1627
1628
1631
1631
1632
1632
1633
1633
1634
1634
1634
1635
1638
1641
1641
1641
1642
1642
1642
1642
1643
1644
1645
1646
1648
1650
1651
1652
1652
1654
1657
1658
1658
1660
1660
1661
1662
1664
1664
1664
1665
1665
1665
1666
1668
1669
1669
1670
1672
1672
1675
1676
1677
1679
1679
1680
1680
1681
1681
1681
1683
1683
1687
1688
1688
1689
1689
1689
1690
1690
1692
1694
1695
1699
1700
1700
1701
1702
1703
1704
1704
1704
1706
1708
1708
1709
1710
1710
1716
1716
1716
1716
1718
1718
1718
1719
1722
1722
1724
1724
1724
1729
1730
1731
1731
1732
1733
1734
1734
1735
1737
1738
1738
1740
1741
1741
1742
1743
1744
1746
1747
1747
1748
1749
1749
1750
1752
1753
1753
1754
1756
1757
1757
1758
1760
1762
1763
1764
1766
1767
1768
1769
1769
1772
1774
1774
1775
1777
1778
1778
1779
1779
1779
1780
1780
1781
1781
1782
1783
1783
1786
1786
1786
1787
1787
1787
1788
1789
1789
1793
1793
1793
1794
1794
1794
1794
1795
1795
1795
1796
1797
1799
1799
1800
1801
1803
1803
1804
1804
1804
1807
1808
1809
1810
1811
1811
1813
1813
1814
1815
1816
1816
1821
1824
1825
1826
1827
1829
1829
1831
1831
1831
1832
1832
1833
1834
1835
1835
1835
1836
1836
1837
1838
1838
1841
1842
1843
1844
1844
1845
1850
1852
1852
1854
1857
1857
1859
1860
1861
1861
1863
1865
1865
1866
1866
1867
1868
1868
1870
1872
1872
1872
1872
1873
1874
1874
1876
1877
1878
1879
1879
1879
1880
1881
1883
1885
1890
1891
1891
1892
1896
1896
1897
1900
1900
1903
1903
1904
1904
1906
1907
1907
1907
1909
1909
1909
1911
1911
1914
1915
1917
1917
1918
1919
1920
1922
1925
1926
1927
1928
1931
1931
1932
1933
1934
1934
1934
1934
1940
1940
1943
1945
1946
1947
1948
1948
1948
1949
1949
1950
1952
1953
1953
1954
1956
1956
1958
1958
1959
1959
1959
1962
1962
1963
1965
1965
1965
1966
1967
1970
1970
1970
1974
1974
1974
1976
1976
1977
1977
1978
1978
1978
1978
1978
1979
1980
1980
1980
1980
1981
1983
1984
1984
1985
1986
1989
1989
1989
1990
1991
1992
1993
1994
1994
1996
1996
1996
1996
1998
1999
2000
2000
2002
2003
2004
2005
2005
2006
2006
2007
2007
2008
2010
2011
2012
2013
2014
2017
2018
2018
2018
2019
2021
2021
2023
2023
2026
2027
2027
2028
2029
2030
2030
2031
2031
2032
2033
2033
2033
2034
2034
2035
2036
2037
2037
2040
2043
2044
2045
2045
2046
2047
2048
2052
2053
2054
2054
2055
2055
2057
2058
2058
2059
2059
2062
2062
2063
2064
2065
2068
2069
2069
2069
2069
2073
2074
2074
2074
2074
2075
2076
2077
2079
2083
2085
2086
2087
2088
2089
2090
2094
2096
2097
2099
2100
2102
2102
2103
2106
2107
2107
2108
2109
2109
2109
2111
2112
2113
2115
2116
2117
2118
2118
2118
2119
2119
2119
2120
2122
2123
2125
2129
2130
2132
2132
2133
2134
2138
2139
2140
2142
2142
2143
2143
2143
2146
2148
2149
2150
2150
2152
2154
2154
2155
2159
2162
2162
2162
2163
2164
2164
2165
2165
2167
2167
2167
2167
2167
2168
2169
2170
2170
2172
2174
2174
2174
2176
2176
2176
2177
2177
2177
2177
2177
2178
2178
2179
2180
2180
2181
2181
2181
2181
2182
2183
2186
2186
2186
2187
2188
2188
2188
2189
2191
2194
2199
2200
2200
2200
2201
2202
2205
2206
2206
2208
2208
2208
2208
2208
2211
2211
2212
2213
2214
2214
2215
2216
2218
2218
2221
2222
2222
2223
2224
2224
2226
2227
2229
2233
2233
2233
2235
2237
2238
2238
2239
2239
2240
2240
2241
2242
2242
2244
2247
2248
2251
2254
2256
2258
2258
2258
2258
2259
2260
2260
2260
2263
2264
2264
2266
2267
2268
2268
2271
2272
2277
2278
2279
2282
2283
2283
2286
2286
2286
2287
2287
2288
2288
2290
2290
2293
2294
2295
2296
2297
2298
2298
2298
2299
2299
2303
2304
2304
2304
2305
2305
2306
2306
2307
2307
2308
2309
2309
2309
2310
2310
2311
2312
2314
2314
2315
2315
2316
2318
2319
2319
2324
2325
2327
2328
2329
2331
2331
2332
2333
2333
2335
2336
2336
2337
2337
2338
2338
2338
2338
2340
2340
2340
2341
2342
2343
2344
2345
2345
2349
2350
2350
2351
2351
2351
2352
2352
2353
2353
2354
2355
2356
2357
2357
2357
2358
2359
2360
2361
2361
2363
2363
2364
2368
2369
2372
2372
2372
2373
2375
2376
2376
2377
2378
2378
2378
2379
2379
2381
2382
2382
2383
2384
2386
2389
2389
2389
2389
2389
2389
2390
2390
2391
2392
2393
2394
2395
2395
2396
2396
2398
2398
2400
2402
2404
2405
2406
2406
2407
2410
2410
2411
2411
2411
2411
2412
2412
2413
2413
2415
2416
2416
2418
2418
2418
2421
2421
2422
2423
2423
2425
2429
2429
2430
2430
2431
2431
2431
2433
2433
2434
2436
2436
2437
2437
2437
2438
2439
2439
2440
2442
2443
2444
2445
2446
2448
2449
2449
2453
2455
2458
2458
2458
2459
2460
2460
2460
2464
2464
2465
2466
2467
2467
2467
2469
2469
2470
2471
2472
2472
2473
2473
2476
2477
2480
2480
2480
2480
2480
2482
2483
2484
2485
2485
2486
2488
2492
2492
2493
2494
2495
2495
2495
2496
2497
2499
2499
2500
2500
2501
2501
2502
2502
2506
2506
2508
2509
2510
2511
2511
2512
2512
2513
2514
2514
2516
2518
2520
2522
2523
2524
2525
2527
2527
2527
2529
2529
2531
2532
2535
2542
2543
2545
2545
2546
2546
2548
2549
2550
2550
2553
2554
2554
2555
2555
2556
2557
2557
2560
2561
2566
2566
2568
2570
2573
2574
2574
2575
2576
2576
2576
2577
2578
2579
2580
2581
2581
2582
2585
2585
2585
2586
2589
2589
2589
2590
2591
2591
2593
2594
2594
2595
2597
2597
2599
2600
2602
2603
2603
2603
2604
2605
2606
2608
2610
2610
2613
2614
2615
2616
2616
2617
2617
2618
2619
2619
2621
2622
2623
2623
2625
2626
2627
2629
2629
2630
2632
2634
2634
2635
2638
2640
2640
2641
2641
2641
2642
2643
2643
2645
2645
2646
2646
2648
2649
2650
2652
2652
2655
2655
2656
2658
2658
2659
2660
2662
2662
2663
2663
2663
2663
2664
2668
2668
2668
2668
2668
2668
2672
2674
2674
2675
2675
2675
2676
2677
2678
2679
2679
2680
2680
2680
2682
2683
2684
2685
2685
2686
2686
2686
2686
2687
2688
2689
2689
2690
2691
2693
2696
2696
2696
2697
2698
2699
2700
2701
2704
2704
2705
2706
2707
2709
2710
2710
2714
2718
2719
2720
2720
2720
2720
2721
2723
2726
2729
2729
2729
2731
2739
2740
2742
2742
2742
2742
2743
2745
2746
2746
2747
2748
2748
2748
2752
2753
2754
2754
2756
2757
2758
2759
2760
2760
2761
2762
2762
2762
2763
2765
2767
2767
2767
2768
2769
2770
2771
2772
2773
2774
2775
2776
2776
2777
2779
2779
2780
2781
2782
2784
2786
2786
2788
2788
2788
2789
2790
2791
2791
2792
2793
2793
2793
2793
2794
2794
2795
2796
2799
2800
2801
2804
2804
2806
2807
2807
2809
2809
2812
2812
2814
2814
2814
2815
2817
2817
2819
2820
2820
2821
2823
2823
2825
2827
2827
2829
2830
2832
2836
2838
2839
2840
2841
2841
2843
2844
2848
2849
2849
2850
2851
2855
2856
2856
2857
2857
2857
2858
2858
2858
2859
2860
2862
2862
2864
2864
2864
2864
2868
2868
2870
2870
2871
2871
2871
2871
2872
2873
2874
2875
2876
2876
2877
2878
2880
2880
2881
2884
2885
2885
2887
2887
2890
2891
2892
2892
2894
2894
2894
2895
2895
2896
2897
2899
2900
2903
2904
2905
2906
2906
2907
2908
2909
2911
2911
2912
2912
2914
2915
2915
2915
2916
2916
2917
2919
2921
2923
2924
2924
2925
2925
2925
2926
2927
2928
2928
2928
2929
2931
2932
2933
2933
2935
2936
2937
2938
2940
2940
2942
2942
2943
2944
2946
2948
2950
2951
2952
2953
2954
2954
2957
2958
2960
2960
2962
2963
2964
2964
2965
2969
2971
2973
2974
2977
2978
2982
2984
2984
2986
2988
2990
2990
2993
2993
2994
2995
2995
2996
2997
2997
2998
2998
3000
3001
3002
3004
3005
3006
3006
3007
3008
3009
3011
3013
3016
3017
3018
3019
3020
3024
3025
3026
3027
3030
3030
3031
3031
3033
3034
3035
3036
3038
3039
3040
3040
3040
3041
3042
3043
3043
3043
3044
3044
3045
3046
3046
3046
3048
3049
3051
3055
3057
3060
3061
3062
3064
3064
3064
3066
3066
3067
3068
3068
3069
3076
3077
3078
3079
3079
3080
3081
3085
3085
3086
3086
3089
3089
3090
3091
3092
3092
3093
3093
3095
3096
3096
3096
3098
3098
3100
3101
3101
3103
3103
3104
3107
3108
3109
3110
3112
3115
3116
3116
3117
3119
3120
3121
3121
3121
3125
3125
3125
3127
3129
3129
3130
3132
3133
3135
3136
3136
3137
3137
3138
3138
3139
3140
3141
3144
3144
3146
3147
3153
3153
3153
3154
3155
3156
3157
3158
3158
3159
3159
3160
3160
3161
3161
3161
3162
3162
3164
3164
3166
3167
3168
3170
3171
3171
3171
3172
3174
3174
3174
3175
3176
3176
3179
3180
3181
3181
3183
3183
3184
3185
3185
3189
3189
3190
3190
3191
3192
3192
3192
3193
3195
3197
3197
3199
3199
3200
3200
3201
3202
3203
3203
3204
3204
3205
3206
3206
3206
3206
3208
3211
3212
3213
3214
3216
3218
3219
3219
3219
3219
3221
3221
3223
3223
3224
3225
3225
3225
3226
3226
3228
3234
3235
3237
3238
3241
3242
3242
3243
3243
3244
3245
3245
3245
3245
3245
3245
3247
3248
3249
3250
3252
3253
3255
3256
3257
3259
3260
3261
3262
3262
3262
3263
3263
3266
3271
3271
3274
3274
3275
3278
3278
3279
3279
3279
3280
3280
3280
3281
3284
3284
3285
3286
3287
3287
3288
3289
3289
3290
3290
3291
3291
3291
3292
3294
3295
3296
3299
3300
3302
3302
3302
3303
3305
3308
3310
3311
3312
3315
3316
3316
3316
3317
3317
3317
3318
3318
3318
3320
3320
3320
3321
3321
3322
3323
3324
3325
3327
3327
3329
3331
3333
3334
3335
3335
3335
3335
3335
3336
3336
3337
3337
3342
3343
3347
3349
3349
3351
3353
3356
3357
3357
3357
3359
3359
3360
3360
3360
3360
3365
3366
3366
3367
3370
3370
3371
3372
3374
3374
3375
3375
3377
3377
3378
3380
3380
3382
3384
3384
3385
3386
3387
3387
3387
3388
3390
3390
3391
3391
3391
3392
3393
3394
3394
3397
3398
3399
3399
3399
3400
3403
3403
3404
3405
3405
3409
3410
3410
3410
3412
3412
3415
3415
3416
3417
3417
3418
3419
3420
3420
3421
3423
3429
3430
3432
3432
3434
3437
3437
3437
3438
3440
3440
3441
3442
3442
3444
3445
3447
3448
3450
3451
3456
3456
3456
3457
3458
3459
3460
3460
3461
3461
3461
3462
3463
3466
3467
3467
3468
3468
3469
3470
3471
3473
3474
3474
3475
3475
3476
3477
3478
3482
3482
3484
3484
3485
3487
3488
3489
3491
3492
3493
3494
3495
3495
3498
3499
3499
3499
3500
3500
3502
3503
3504
3505
3507
3507
3509
3509
3510
3510
3511
3511
3513
3514
3517
3518
3518
3518
3521
3522
3524
3525
3528
3528
3528
3530
3530
3530
3533
3533
3533
3535
3537
3538
3538
3540
3541
3541
3542
3542
3543
3543
3546
3547
3547
3547
3549
3551
3552
3553
3553
3554
3554
3555
3557
3557
3558
3559
3559
3560
3561
3561
3563
3563
3564
3564
3565
3566
3566
3567
3568
3569
3569
3569
3572
3574
3575
3575
3576
3576
3576
3577
3577
3578
3578
3579
3579
3581
3581
3583
3584
3585
3585
3586
3586
3589
3589
3590
3590
3590
3591
3592
3593
3596
3598
3599
3599
3599
3600
3600
3601
3601
3602
3604
3605
3606
3606
3606
3606
3608
3609
3609
3611
3611
3612
3612
3613
3613
3614
3615
3615
3616
3617
3618
3619
3620
3622
3624
3624
3626
3628
3630
3638
3641
3641
3641
3641
3642
3645
3646
3646
3647
3649
3649
3649
3651
3651
3651
3652
3654
3658
3659
3660
3661
3663
3663
3663
3663
3664
3664
3669
3669
3672
3672
3673
3676
3676
3676
3677
3680
3681
3682
3682
3684
3684
3685
3686
3688
3688
3691
3692
3695
3697
3697
3698
3699
3699
3699
3700
3708
3709
3710
3712
3712
3712
3712
3715
3715
3716
3718
3718
3718
3719
3720
3721
3722
3723
3725
3725
3725
3726
3727
3728
3729
3730
3730
3731
3732
3732
3732
3733
3734
3737
3740
3744
3748
3748
3748
3750
3751
3752
3755
3755
3758
3758
3759
3760
3762
3763
3764
3765
3769
3770
3772
3775
3775
3777
3778
3778
3779
3780
3780
3781
3782
3782
3782
3782
3783
3784
3786
3787
3787
3790
3791
3792
3792
3792
3792
3793
3793
3794
3797
3797
3799
3800
3801
3802
3804
3806
3806
3806
3806
3808
3808
3811
3813
3816
3820
3822
3823
3824
3825
3825
3826
3826
3827
3829
3830
3831
3832
3833
3835
3835
3836
3836
3837
3838
3840
3841
3841
3842
3844
3844
3845
3845
3850
3850
3851
3854
3855
3855
3855
3856
3857
3858
3860
3862
3862
3863
3863
3864
3864
3865
3866
3867
3868
3868
3869
3870
3871
3876
3877
3877
3878
3879
3879
3880
3881
3883
3890
3893
3893
3893
3894
3894
3896
3896
3897
3897
3897
3899
3900
3900
3906
3906
3908
3908
3908
3910
3910
3911
3911
3912
3912
3914
3915
3917
3917
3917
3918
3919
3920
3924
3924
3928
3929
3929
3931
3934
3936
3936
3936
3937
3937
3938
3938
3938
3938
3942
3944
3944
3944
3944
3945
3949
3949
3951
3952
3955
3955
3958
3959
3959
3959
3959
3960
3962
3962
3963
3963
3964
3965
3965
3965
3966
3967
3968
3969
3971
3971
3972
3972
3972
3976
3978
3978
3979
3979
3981
3982
3984
3984
3989
3990
3991
3993
3994
3994
3995
3997
4000
4001
4001
4002
4011
4011
4011
4012
4013
4015
4015
4017
4018
4020
4024
4025
4026
4028
4028
4029
4029
4029
4030
4031
4031
4032
4033
4033
4034
4036
4036
4036
4036
4037
4037
4038
4042
4042
4043
4044
4045
4048
4050
4050
4051
4051
4051
4054
4055
4055
4055
4056
4056
4056
4057
4057
4057
4057
4060
4061
4062
4062
4064
4064
4065
4065
4066
4067
4069
4070
4072
4073
4073
4074
4076
4077
4079
4081
4082
4083
4084
4085
4086
4089
4089
4090
4095
4097
4097
4099
4099
4099
4099
4100
4101
4101
4104
4106
4106
4107
4108
4108
4108
4110
4112
4113
4114
4114
4116
4117
4118
4119
4121
4121
4124
4124
4125
4125
4125
4128
4129
4129
4129
4130
4131
4132
4133
4134
4135
4137
4138
4138
4139
4140
4140
4140
4143
4144
4145
4145
4145
4148
4148
4148
4148
4149
4149
4150
4152
4152
4152
4153
4153
4155
4158
4158
4158
4160
4161
4162
4163
4164
4166
4167
4168
4169
4170
4170
4171
4171
4171
4171
4172
4173
4173
4175
4176
4177
4177
4177
4180
4180
4182
4182
4183
4183
4183
4184
4184
4185
4185
4186
4187
4187
4187
4190
4191
4193
4195
4196
4199
4202
4202
4203
4203
4203
4205
4207
4207
4209
4209
4210
4211
4213
4214
4215
4215
4216
4218
4219
4221
4222
4223
4223
4224
4224
4224
4225
4225
4227
4227
4228
4229
4229
4230
4232
4232
4232
4233
4233
4234
4235
4236
4238
4239
4240
4240
4243
4243
4244
4244
4247
4248
4248
4249
4250
4250
4251
4251
4251
4251
4252
4252
4252
4253
4253
4254
4254
4255
4256
4257
4257
4257
4260
4261
4261
4261
4262
4264
4264
4265
4267
4268
4269
4269
4270
4271
4271
4273
4276
4277
4278
4279
4280
4280
4281
4282
4282
4283
4284
4285
4289
4291
4292
4292
4293
4293
4295
4298
4299
4299
4299
4300
4301
4301
4302
4302
4303
4304
4305
4307
4308
4308
4309
4311
4312
4313
4316
4316
4316
4317
4318
4319
4320
4320
4320
4323
4324
4325
4327
4330
4330
4330
4331
4332
4332
4332
4332
4332
4333
4335
4339
4340
4340
4340
4340
4341
4341
4342
4343
4344
4344
4344
4344
4345
4347
4348
4348
4349
4349
4349
4351
4351
4351
4353
4354
4356
4357
4357
4358
4359
4361
4361
4363
4365
4365
4365
4365
4365
4366
4366
4366
4368
4368
4369
4370
4371
4372
4372
4375
4377
4377
4377
4378
4380
4380
4383
4385
4385
4386
4386
4388
4388
4388
4388
4391
4393
4395
4395
4395
4396
4397
4398
4399
4400
4401
4402
4402
4402
4402
4402
4402
4404
4404
4405
4408
4409
4414
4414
4414
4414
4414
4415
4415
4417
4417
4419
4419
4422
4423
4424
4425
4426
4426
4427
4428
4430
4431
4433
4434
4434
4437
4437
4438
4439
4441
4441
4442
4443
4443
4443
4444
4445
4445
4448
4449
4449
4449
4454
4454
4454
4457
4457
4457
4458
4458
4461
4461
4461
4464
4465
4465
4466
4466
4466
4466
4466
4467
4467
4468
4468
4468
4470
4471
4471
4472
4473
4473
4473
4474
4474
4475
4475
4475
4476
4477
4479
4480
4482
4483
4483
4486
4487
4488
4490
4490
4490
4491
4495
4496
4497
4497
4498
4500
4500
4502
4508
4510
4511
4513
4513
4514
4514
4515
4516
4518
4519
4520
4522
4524
4524
4525
4526
4526
4527
4530
4532
4532
4533
4534
4534
4534
4534
4534
4535
4536
4536
4537
4537
4538
4538
4538
4539
4539
4541
4543
4545
4545
4546
4547
4547
4548
4549
4550
4550
4550
4552
4553
4554
4555
4555
4556
4557
4557
4559
4561
4562
4564
4565
4565
4565
4566
4566
4567
4568
4569
4569
4572
4573
4574
4575
4576
4576
4576
4576
4577
4578
4579
4580
4580
4581
4581
4583
4583
4585
4585
4586
4588
4589
4589
4590
4590
4591
4594
4594
4594
4595
4596
4598
4600
4600
4600
4602
4603
4604
4604
4604
4604
4605
4607
4608
4609
4610
4612
4612
4613
4615
4615
4615
4615
4617
4618
4618
4618
4620
4620
4621
4623
4627
4627
4628
4629
4631
4632
4634
4634
4634
4635
4636
4637
4638
4638
4639
4641
4641
4642
4643
4645
4645
4646
4647
4649
4650
4652
4654
4654
4655
4657
4659
4659
4664
4665
4667
4668
4670
4673
4674
4676
4676
4677
4678
4679
4679
4679
4680
4681
4681
4684
4684
4686
4686
4687
4688
4689
4693
4696
4698
4700
4701
4702
4702
4702
4703
4703
4704
4704
4704
4705
4706
4708
4710
4712
4716
4716
4716
4717
4717
4718
4720
4721
4721
4722
4722
4724
4724
4725
4726
4726
4729
4730
4732
4732
4733
4735
4740
4740
4741
4741
4742
4742
4745
4745
4747
4748
4749
4751
4752
4752
4752
4753
4754
4756
4756
4756
4757
4757
4760
4760
4761
4762
4764
4764
4764
4765
4768
4768
4768
4771
4771
4771
4773
4775
4777
4777
4778
4778
4778
4779
4781
4782
4783
4785
4785
4787
4789
4790
4790
4790
4791
4791
4792
4792
4794
4794
4795
4797
4798
4804
4805
4806
4809
4810
4811
4811
4812
4813
4814
4815
4816
4817
4818
4818
4819
4819
4819
4819
4822
4822
4823
4824
4824
4824
4826
4826
4829
4829
4829
4830
4831
4831
4832
4834
4836
4837
4838
4840
4841
4842
4844
4844
4844
4844
4845
4847
4847
4848
4849
4849
4850
4851
4851
4851
4853
4855
4855
4857
4857
4857
4858
4859
4859
4861
4861
4863
4863
4863
4864
4864
4864
4864
4864
4864
4865
4867
4868
4871
4873
4873
4876
4876
4878
4878
4878
4879
4883
4883
4885
4885
4885
4888
4888
4888
4890
4890
4891
4893
4894
4894
4896
4896
4897
4897
4900
4900
4902
4902
4903
4904
4904
4904
4906
4908
4908
4909
4909
4910
4911
4913
4914
4915
4916
4917
4919
4919
4921
4924
4925
4926
4927
4930
4930
4930
4931
4931
4933
4934
4935
4936
4937
4938
4938
4939
4940
4941
4942
4942
4944
4944
4944
4947
4948
4949
4949
4951
4952
4954
4954
4955
4955
4957
4958
4959
4959
4960
4962
4963
4964
4964
4965
4965
4967
4968
4968
4968
4970
4972
4972
4973
4974
4974
4975
4979
4979
4980
4982
4984
4985
4985
4985
4987
4988
4990
4992
4994
4994
4995
4996
4998
4998
4999
4999
5000
5001
5005
5005
5008
5009
5009
5011
5012
5013
5015
5016
5019
5019
5021
5022
5024
5024
5024
5025
5025
5025
5026
5027
5027
5028
5028
5029
5029
5031
5031
5031
5032
5032
5034
5035
5038
5038
5039
5039
5040
5043
5045
5046
5049
5049
5050
5050
5051
5053
5055
5056
5057
5057
5058
5058
5059
5059
5059
5060
5060
5062
5062
5062
5065
5065
5067
5067
5069
5069
5070
5071
5072
5072
5073
5073
5074
5075
5076
5077
5078
5078
5079
5080
5081
5081
5082
5085
5085
5087
5087
5088
5088
5088
5089
5089
5090
5091
5092
5092
5093
5094
5094
5095
5096
5098
5101
5103
5104
5104
5105
5105
5107
5107
5107
5108
5108
5108
5108
5110
5110
5112
5113
5116
5116
5117
5119
5120
5120
5120
5122
5122
5122
5124
5125
5127
5127
5128
5128
5128
5130
5130
5131
5131
5132
5132
5133
5134
5135
5136
5137
5137
5138
5138
5139
5140
5141
5141
5143
5143
5144
5145
5145
5146
5147
5148
5148
5148
5149
5149
5149
5150
5152
5154
5155
5157
5160
5160
5160
5161
5163
5164
5166
5166
5167
5167
5170
5170
5170
5172
5172
5175
5175
5177
5178
5179
5182
5183
5188
5189
5190
5191
5193
5194
5195
5199
5200
5202
5202
5203
5204
5206
5206
5206
5207
5208
5210
5210
5211
5211
5213
5214
5216
5218
5218
5219
5221
5221
5222
5223
5223
5225
5225
5226
5226
5227
5227
5228
5229
5229
5230
5231
5232
5232
5234
5235
5235
5235
5235
5236
5237
5237
5239
5239
5242
5245
5246
5246
5247
5248
5248
5250
5250
5250
5251
5251
5253
5255
5256
5259
5260
5263
5264
5265
5265
5266
5267
5268
5268
5269
5272
5272
5273
5274
5275
5275
5276
5276
5278
5278
5278
5280
5280
5282
5284
5285
5287
5288
5289
5290
5291
5291
5292
5293
5293
5300
5300
5302
5303
5303
5304
5304
5304
5305
5305
5306
5307
5309
5311
5311
5311
5311
5311
5312
5312
5316
5316
5316
5321
5321
5321
5322
5322
5323
5323
5325
5326
5327
5328
5330
5332
5332
5332
5335
5336
5336
5337
5337
5338
5339
5342
5343
5344
5344
5345
5348
5350
5350
5352
5355
5356
5357
5358
5360
5362
5362
5362
5362
5363
5366
5366
5366
5368
5368
5369
5370
5374
5375
5376
5378
5378
5378
5379
5380
5381
5382
5382
5384
5386
5386
5387
5388
5388
5388
5389
5389
5390
5390
5391
5391
5392
5392
5392
5393
5393
5393
5394
5396
5397
5398
5398
5400
5401
5401
5402
5403
5404
5407
5408
5408
5410
5412
5413
5413
5414
5414
5415
5415
5416
5416
5417
5418
5419
5420
5421
5421
5422
5422
5423
5423
5425
5426
5426
5427
5428
5429
5431
5433
5435
5437
5437
5438
5438
5441
5443
5445
5445
5446
5446
5449
5449
5449
5449
5451
5452
5453
5454
5454
5456
5457
5458
5458
5459
5459
5460
5461
5461
5461
5462
5463
5464
5464
5465
5465
5466
5466
5467
5469
5470
5471
5471
5472
5472
5475
5475
5475
5476
5476
5476
5477
5477
5478
5478
5483
5483
5485
5486
5486
5486
5487
5487
5487
5488
5488
5492
5493
5493
5494
5495
5495
5497
5497
5497
5497
5497
5498
5499
5500
5501
5501
5501
5502
5502
5502
5503
5503
5504
5504
5505
5506
5506
5507
5507
5508
5508
5509
5510
5510
5512
5513
5513
5514
5518
5518
5520
5522
5522
5522
5522
5524
5525
5525
5526
5527
5528
5529
5529
5530
5531
5533
5534
5535
5536
5536
5539
5539
5540
5540
5541
5541
5542
5542
5542
5546
5546
5549
5550
5550
5551
5552
5552
5552
5553
5554
5554
5556
5558
5559
5559
5560
5560
5561
5563
5563
5563
5564
5566
5566
5566
5567
5567
5567
5568
5568
5570
5571
5571
5571
5572
5572
5575
5575
5578
5580
5581
5582
5583
5584
5584
5584
5586
5588
5589
5591
5593
5593
5595
5596
5597
5598
5599
5599
5601
5601
5602
5602
5603
5603
5607
5608
5609
5610
5610
5613
5613
5613
5616
5616
5617
5617
5618
5618
5619
5621
5621
5622
5624
5626
5626
5627
5628
5629
5632
5635
5637
5638
5640
5640
5641
5641
5642
5645
5646
5649
5649
5649
5649
5650
5651
5651
5652
5653
5654
5655
5656
5656
5659
5660
5662
5662
5663
5664
5665
5669
5670
5673
5673
5673
5675
5675
5676
5680
5680
5681
5681
5681
5681
5681
5684
5684
5687
5688
5691
5692
5692
5693
5693
5693
5693
5694
5696
5696
5696
5697
5697
5698
5698
5701
5701
5701
5701
5701
5702
5704
5706
5712
5714
5715
5715
5715
5717
5718
5719
5719
5720
5722
5723
5724
5725
5725
5726
5727
5728
5729
5730
5730
5732
5733
5733
5734
5734
5735
5735
5737
5737
5741
5742
5742
5746
5746
5746
5747
5749
5751
5751
5752
5755
5756
5757
5757
5759
5760
5760
5760
5762
5764
5764
5765
5766
5767
5767
5767
5768
5768
5769
5769
5770
5770
5771
5773
5774
5775
5776
5776
5778
5780
5781
5782
5783
5784
5785
5792
5792
5795
5795
5795
5796
5799
5799
5800
5800
5802
5803
5804
5805
5808
5810
5811
5812
5814
5816
5817
5818
5820
5820
5821
5825
5831
5831
5831
5833
5833
5836
5837
5837
5837
5837
5838
5838
5838
5840
5840
5842
5843
5843
5845
5845
5845
5847
5848
5849
5849
5851
5852
5853
5854
5854
5855
5859
5859
5860
5861
5862
5863
5863
5864
5865
5865
5867
5868
5869
5869
5869
5871
5871
5872
5872
5875
5877
5877
5878
5878
5879
5879
5880
5881
5882
5882
5883
5884
5885
5886
5887
5887
5887
5888
5888
5888
5888
5889
5890
5890
5890
5891
5891
5891
5892
5892
5894
5895
5896
5896
5897
5899
5899
5901
5901
5901
5904
5904
5907
5907
5907
5908
5908
5909
5910
5910
5912
5912
5913
5915
5916
5916
5917
5917
5918
5918
5921
5921
5922
5923
5923
5924
5924
5925
5925
5927
5928
5928
5929
5930
5931
5932
5933
5935
5936
5939
5939
5940
5940
5940
5940
5940
5941
5941
5942
5943
5944
5945
5945
5945
5946
5946
5947
5948
5948
5948
5950
5951
5951
5952
5954
5963
5963
5964
5966
5966
5967
5968
5968
5969
5969
5972
5972
5974
5974
5975
5976
5976
5977
5977
5977
5978
5979
5979
5979
5980
5981
5981
5981
5981
5982
5982
5982
5984
5985
5985
5987
5987
5988
5988
5988
5989
5993
5994
5994
5995
5996
5996
5996
5997
6000
6000
6002
6002
6002
6009
6009
6009
6010
6010
6011
6011
6011
6011
6012
6013
6013
6013
6014
6014
6016
6017
6018
6018
6019
6021
6022
6023
6023
6024
6025
6025
6025
6028
6030
6030
6030
6031
6033
6033
6036
6036
6040
6044
6047
6048
6049
6050
6052
6052
6053
6053
6053
6053
6055
6056
6056
6056
6059
6062
6063
6064
6064
6065
6068
6068
6068
6069
6071
6073
6075
6077
6078
6078
6079
6081
6082
6082
6082
6083
6084
6084
6084
6085
6095
6096
6098
6098
6101
6102
6104
6104
6105
6107
6108
6109
6110
6110
6111
6111
6112
6112
6112
6112
6113
6114
6115
6115
6115
6116
6116
6118
6119
6119
6122
6123
6123
6123
6125
6127
6128
6128
6129
6129
6129
6130
6130
6130
6131
6132
6132
6133
6133
6134
6135
6135
6135
6137
6138
6139
6141
6141
6142
6144
6144
6145
6146
6148
6148
6149
6149
6150
6151
6151
6152
6153
6154
6161
6161
6161
6161
6163
6165
6165
6165
6166
6166
6166
6167
6167
6167
6168
6171
6172
6173
6174
6175
6175
6175
6177
6177
6178
6179
6179
6181
6184
6185
6186
6187
6187
6188
6188
6190
6190
6190
6191
6193
6193
6199
6201
6202
6202
6205
6206
6207
6207
6208
6208
6209
6209
6211
6213
6213
6213
6215
6215
6215
6216
6217
6218
6220
6221
6224
6226
6229
6230
6232
6232
6233
6234
6235
6238
6238
6239
6239
6240
6241
6242
6243
6245
6246
6246
6251
6252
6254
6254
6259
6260
6260
6262
6263
6265
6266
6267
6267
6268
6270
6270
6276
6276
6279
6281
6283
6285
6287
6288
6295
6295
6295
6297
6298
6298
6299
6299
6299
6299
6301
6301
6303
6304
6305
6306
6310
6310
6314
6315
6316
6317
6319
6319
6320
6321
6323
6323
6323
6324
6325
6325
6326
6328
6328
6329
6329
6331
6331
6331
6332
6333
6333
6341
6341
6344
6347
6348
6350
6351
6352
6352
6354
6354
6357
6358
6358
6359
6359
6364
6364
6364
6365
6368
6369
6369
6371
6371
6371
6372
6373
6376
6377
6377
6379
6380
6381
6381
6381
6382
6383
6383
6383
6384
6385
6385
6385
6385
6385
6386
6386
6386
6388
6389
6391
6391
6392
6395
6395
6395
6396
6398
6398
6400
6401
6402
6403
6403
6405
6405
6406
6406
6411
6412
6416
6419
6421
6422
6423
6423
6424
6425
6425
6425
6427
6427
6428
6428
6430
6431
6431
6436
6436
6437
6439
6439
6440
6443
6444
6444
6445
6447
6447
6447
6450
6452
6452
6454
6456
6457
6457
6457
6459
6459
6460
6460
6461
6461
6462
6463
6463
6463
6465
6466
6469
6470
6472
6473
6473
6473
6475
6476
6477
6481
6482
6483
6483
6484
6485
6485
6485
6487
6488
6488
6491
6491
6491
6492
6493
6493
6494
6494
6495
6496
6496
6498
6500
6502
6502
6503
6503
6505
6507
6508
6509
6509
6510
6514
6515
6515
6515
6517
6518
6518
6519
6519
6520
6521
6521
6523
6524
6524
6527
6528
6528
6529
6530
6530
6531
6532
6532
6533
6534
6534
6535
6536
6536
6536
6537
6537
6538
6538
6539
6539
6541
6541
6541
6542
6544
6545
6545
6545
6545
6545
6546
6546
6546
6548
6550
6551
6551
6555
6555
6556
6556
6556
6557
6558
6558
6559
6560
6561
6561
6561
6563
6563
6565
6566
6567
6567
6569
6570
6570
6572
6572
6575
6576
6578
6579
6580
6581
6583
6584
6584
6585
6586
6588
6591
6594
6594
6596
6597
6598
6601
6602
6603
6604
6605
6605
6606
6607
6608
6612
6613
6614
6617
6617
6619
6619
6620
6621
6621
6622
6623
6623
6623
6624
6625
6626
6626
6627
6629
6629
6630
6630
6631
6631
6637
6637
6638
6638
6640
6640
6641
6642
6647
6647
6648
6649
6650
6653
6653
6656
6658
6660
6661
6663
6665
6666
6667
6668
6669
6670
6670
6670
6671
6674
6677
6677
6678
6678
6679
6680
6681
6681
6684
6684
6685
6686
6687
6688
6689
6689
6689
6689
6691
6691
6691
6693
6693
6693
6696
6697
6698
6699
6700
6700
6700
6701
6704
6704
6705
6706
6706
6707
6707
6707
6708
6708
6709
6709
6709
6709
6710
6710
6710
6711
6711
6712
6712
6713
6713
6714
6716
6717
6717
6719
6720
6720
6722
6724
6724
6725
6727
6727
6733
6733
6733
6733
6737
6737
6738
6739
6740
6741
6743
6743
6743
6743
6743
6743
6745
6746
6746
6746
6749
6749
6750
6751
6752
6753
6753
6753
6753
6753
6753
6754
6755
6757
6757
6758
6758
6758
6760
6761
6762
6762
6764
6765
6766
6766
6767
6767
6767
6768
6770
6771
6771
6771
6772
6772
6774
6774
6774
6775
6775
6775
6775
6776
6777
6779
6780
6780
6781
6782
6782
6782
6782
6782
6783
6785
6789
6789
6789
6789
6790
6790
6791
6791
6792
6793
6794
6796
6797
6798
6799
6800
6801
6801
6801
6801
6802
6802
6804
6805
6809
6809
6810
6810
6811
6813
6814
6816
6816
6816
6817
6818
6818
6820
6820
6822
6823
6825
6825
6827
6828
6828
6830
6831
6831
6831
6832
6835
6836
6838
6839
6840
6841
6841
6841
6841
6842
6842
6843
6845
6846
6849
6850
6851
6851
6851
6852
6852
6855
6858
6859
6861
6862
6863
6863
6864
6865
6867
6868
6868
6868
6872
6873
6874
6875
6876
6877
6877
6877
6878
6879
6882
6882
6883
6883
6885
6885
6886
6889
6890
6891
6891
6891
6892
6894
6895
6896
6898
6898
6898
6899
6900
6904
6904
6905
6906
6908
6908
6909
6910
6911
6911
6911
6913
6915
6915
6916
6917
6917
6917
6919
6920
6922
6922
6922
6926
6928
6928
6930
6931
6932
6934
6936
6936
6936
6937
6938
6939
6941
6942
6942
6942
6943
6943
6945
6945
6945
6948
6950
6951
6954
6954
6954
6954
6958
6959
6960
6961
6963
6963
6965
6966
6968
6969
6970
6971
6971
6972
6973
6974
6976
6976
6977
6977
6977
6977
6978
6978
6979
6981
6983
6983
6984
6984
6985
6989
6990
6991
6992
6992
6994
6996
6997
7002
7003
7007
7007
7007
7009
7010
7010
7011
7014
7016
7019
7019
7023
7023
7024
7025
7028
7030
7031
7035
7036
7037
7038
7038
7039
7039
7039
7040
7044
7045
7047
7047
7050
7052
7053
7053
7053
7055
7055
7056
7060
7060
7063
7064
7064
7065
7065
7065
7066
7066
7068
7071
7071
7073
7073
7073
7073
7074
7076
7077
7077
7078
7079
7080
7080
7080
7081
7081
7081
7081
7082
7085
7085
7086
7088
7089
7089
7091
7091
7092
7092
7093
7095
7095
7095
7096
7097
7099
7099
7102
7102
7102
7102
7103
7106
7107
7109
7111
7113
7113
7114
7115
7115
7116
7118
7119
7119
7123
7125
7125
7128
7130
7131
7131
7132
7135
7136
7136
7138
7140
7140
7142
7143
7143
7144
7145
7146
7150
7150
7151
7152
7152
7152
7154
7154
7157
7163
7166
7166
7167
7168
7169
7174
7174
7174
7175
7176
7176
7176
7177
7178
7178
7180
7180
7182
7183
7184
7184
7185
7186
7186
7187
7187
7187
7188
7188
7189
7189
7189
7190
7190
7191
7193
7193
7193
7194
7194
7194
7195
7198
7199
7200
7200
7201
7201
7201
7203
7204
7209
7212
7214
7215
7216
7216
7216
7218
7219
7219
7220
7220
7221
7221
7222
7222
7223
7225
7226
7226
7226
7227
7230
7233
7233
7233
7235
7235
7236
7236
7236
7237
7237
7237
7239
7239
7240
7240
7240
7240
7241
7242
7242
7243
7245
7247
7248
7252
7252
7252
7254
7256
7256
7258
7259
7259
7260
7260
7263
7263
7265
7267
7268
7268
7269
7269
7269
7270
7270
7273
7274
7275
7277
7278
7278
7279
7280
7280
7280
7280
7281
7282
7283
7283
7283
7284
7287
7289
7290
7290
7291
7292
7292
7295
7296
7296
7297
7298
7299
7300
7301
7302
7304
7305
7308
7310
7311
7313
7313
7314
7315
7315
7315
7315
7315
7319
7321
7321
7322
7322
7323
7324
7324
7325
7329
7329
7329
7331
7333
7333
7333
7335
7336
7338
7339
7340
7341
7341
7341
7343
7343
7344
7345
7346
7346
7346
7346
7347
7347
7349
7350
7350
7350
7352
7352
7352
7353
7353
7354
7354
7357
7358
7359
7360
7360
7362
7362
7363
7364
7366
7366
7367
7368
7368
7370
7370
7371
7371
7371
7372
7373
7375
7375
7376
7376
7378
7379
7380
7380
7382
7384
7385
7385
7387
7387
7388
7388
7391
7392
7393
7393
7393
7393
7395
7396
7397
7398
7399
7401
7401
7401
7402
7407
7408
7408
7408
7408
7409
7411
7414
7417
7417
7418
7418
7418
7420
7427
7427
7427
7427
7427
7429
7430
7431
7432
7432
7435
7435
7436
7438
7438
7439
7439
7440
7440
7440
7441
7444
7445
7445
7445
7446
7447
7448
7449
7449
7451
7456
7457
7457
7458
7459
7460
7460
7460
7461
7463
7463
7464
7465
7467
7467
7468
7468
7469
7469
7470
7470
7471
7471
7472
7472
7473
7473
7473
7474
7474
7475
7477
7477
7479
7479
7479
7482
7483
7483
7483
7484
7486
7491
7493
7495
7495
7496
7497
7498
7499
7499
7501
7502
7502
7503
7503
7504
7505
7508
7508
7508
7509
7510
7510
7512
7514
7514
7515
7516
7516
7517
7517
7517
7518
7518
7519
7521
7522
7522
7526
7527
7527
7529
7529
7530
7530
7530
7533
7534
7537
7537
7538
7541
7542
7542
7544
7544
7546
7547
7547
7547
7548
7548
7549
7549
7550
7550
7551
7553
7554
7560
7562
7562
7563
7564
7568
7568
7570
7570
7572
7572
7573
7574
7574
7576
7576
7577
7580
7580
7585
7585
7586
7587
7594
7595
7595
7595
7597
7597
7599
7600
7601
7601
7602
7602
7605
7605
7606
7608
7608
7608
7609
7609
7610
7610
7610
7611
7616
7616
7617
7618
7620
7622
7623
7623
7624
7624
7626
7626
7627
7627
7629
7629
7631
7632
7633
7633
7634
7635
7635
7636
7640
7640
7641
7643
7643
7646
7647
7647
7649
7653
7654
7659
7659
7660
7666
7666
7670
7671
7675
7675
7675
7676
7676
7678
7679
7681
7681
7682
7682
7683
7687
7689
7691
7693
7694
7694
7695
7697
7697
7701
7702
7702
7702
7702
7703
7703
7704
7704
7704
7705
7705
7705
7706
7708
7709
7710
7710
7711
7711
7712
7714
7714
7715
7716
7718
7718
7720
7720
7720
7720
7721
7721
7723
7723
7724
7728
7728
7728
7729
7730
7730
7731
7734
7735
7736
7738
7739
7742
7742
7743
7744
7744
7745
7746
7749
7754
7755
7755
7756
7758
7759
7760
7760
7760
7760
7763
7764
7764
7765
7767
7768
7768
7768
7770
7770
7770
7771
7773
7773
7774
7775
7775
7776
7776
7777
7778
7779
7779
7779
7780
7781
7782
7784
7785
7787
7787
7788
7788
7789
7791
7791
7792
7793
7794
7795
7795
7795
7795
7799
7799
7800
7801
7801
7801
7802
7802
7805
7805
7806
7808
7808
7809
7810
7810
7812
7818
7818
7820
7821
7822
7822
7824
7825
7826
7826
7826
7826
7826
7826
7827
7827
7827
7828
7831
7832
7832
7833
7837
7840
7841
7846
7847
7847
7848
7849
7849
7850
7850
7851
7852
7852
7853
7854
7854
7858
7858
7859
7860
7860
7862
7863
7865
7866
7867
7867
7867
7868
7869
7869
7870
7870
7871
7873
7873
7874
7874
7875
7876
7877
7877
7877
7877
7880
7882
7884
7886
7889
7889
7889
7891
7892
7894
7897
7900
7902
7903
7903
7903
7904
7904
7904
7905
7905
7905
7906
7906
7906
7907
7907
7909
7909
7914
7914
7915
7917
7919
7919
7921
7923
7925
7925
7926
7926
7926
7928
7928
7929
7930
7931
7933
7933
7936
7938
7938
7939
7939
7939
7940
7941
7942
7942
7943
7943
7944
7945
7945
7945
7946
7947
7949
7950
7950
7950
7951
7951
7952
7952
7952
7955
7957
7957
7958
7961
7962
7962
7963
7964
7965
7965
7966
7967
7967
7969
7969
7969
7971
7972
7974
7975
7976
7983
7985
7985
7986
7986
7986
7987
7987
7987
7987
7988
7990
7991
7991
7993
7994
7995
7998
7998
7999
8000
8000
8000
8001
8001
8002
8003
8004
8004
8005
8009
8011
8011
8012
8013
8014
8016
8017
8018
8020
8020
8022
8022
8022
8024
8028
8029
8032
8034
8035
8035
8036
8039
8040
8044
8044
8045
8046
8048
8048
8049
8051
8052
8055
8056
8058
8059
8061
8061
8061
8062
8062
8066
8066
8066
8066
8068
8073
8075
8075
8075
8075
8076
8077
8077
8078
8078
8079
8080
8081
8081
8081
8085
8085
8086
8087
8088
8088
8089
8090
8091
8092
8093
8095
8096
8097
8097
8101
8102
8102
8102
8103
8103
8103
8103
8104
8104
8105
8105
8107
8107
8108
8108
8110
8110
8110
8111
8111
8112
8112
8113
8114
8116
8116
8117
8117
8119
8122
8122
8123
8124
8125
8127
8134
8135
8136
8137
8138
8139
8140
8140
8141
8141
8141
8141
8142
8144
8145
8146
8148
8150
8151
8154
8157
8157
8157
8158
8158
8158
8158
8161
8163
8163
8163
8165
8165
8167
8170
8170
8171
8172
8172
8172
8172
8173
8173
8174
8175
8176
8178
8178
8179
8180
8180
8182
8182
8182
8183
8183
8183
8183
8184
8184
8185
8187
8189
8190
8191
8191
8195
8195
8195
8196
8197
8198
8199
8201
8202
8202
8202
8203
8203
8205
8205
8206
8206
8207
8207
8207
8207
8207
8207
8208
8208
8209
8209
8210
8213
8213
8214
8214
8215
8215
8216
8216
8219
8219
8220
8220
8221
8222
8223
8223
8223
8223
8224
8225
8225
8225
8225
8226
8226
8227
8228
8229
8229
8230
8231
8232
8232
8235
8236
8236
8236
8236
8236
8239
8240
8241
8244
8245
8245
8246
8246
8246
8247
8247
8247
8247
8249
8249
8251
8251
8251
8252
8254
8254
8254
8256
8256
8259
8259
8259
8260
8260
8262
8263
8263
8264
8264
8264
8266
8269
8270
8270
8270
8271
8273
8276
8277
8278
8278
8282
8282
8282
8284
8285
8286
8287
8290
8292
8292
8293
8293
8294
8294
8295
8295
8295
8295
8296
8296
8296
8297
8297
8298
8299
8300
8300
8300
8302
8302
8303
8304
8305
8305
8306
8306
8306
8306
8306
8307
8308
8309
8310
8312
8316
8316
8318
8318
8319
8321
8322
8324
8325
8326
8327
8328
8328
8329
8329
8330
8331
8332
8332
8332
8335
8335
8336
8336
8337
8338
8338
8338
8340
8341
8342
8342
8343
8343
8343
8345
8345
8345
8345
8349
8351
8352
8353
8353
8354
8355
8355
8356
8356
8357
8359
8359
8361
8362
8362
8362
8365
8365
8366
8371
8371
8372
8372
8372
8372
8373
8375
8375
8376
8377
8378
8379
8380
8380
8381
8384
8386
8389
8389
8390
8391
8392
8392
8392
8392
8393
8393
8394
8394
8396
8396
8398
8399
8399
8399
8400
8400
8400
8402
8402
8402
8407
8407
8408
8410
8411
8411
8411
8412
8413
8414
8417
8420
8420
8421
8421
8421
8423
8423
8425
8426
8427
8428
8429
8429
8429
8429
8430
8430
8431
8431
8431
8434
8436
8436
8438
8439
8439
8439
8440
8441
8441
8447
8447
8447
8449
8450
8454
8454
8456
8456
8458
8459
8460
8461
8462
8462
8464
8464
8466
8466
8467
8468
8469
8472
8474
8474
8475
8478
8478
8478
8479
8481
8481
8482
8484
8484
8485
8485
8486
8486
8486
8486
8488
8489
8490
8490
8492
8494
8495
8495
8496
8497
8497
8500
8500
8501
8501
8501
8501
8502
8502
8502
8504
8504
8505
8507
8507
8508
8508
8508
8509
8511
8513
8513
8515
8516
8518
8518
8518
8520
8521
8522
8523
8523
8524
8526
8526
8530
8531
8532
8535
8536
8536
8537
8537
8538
8539
8540
8540
8541
8541
8541
8542
8542
8543
8543
8545
8546
8549
8549
8550
8550
8550
8550
8551
8553
8554
8554
8555
8556
8556
8557
8558
8558
8558
8559
8561
8561
8561
8562
8562
8562
8562
8563
8564
8565
8565
8565
8568
8569
8571
8572
8573
8575
8575
8576
8577
8579
8580
8581
8583
8583
8584
8585
8586
8590
8592
8594
8594
8595
8596
8596
8597
8597
8598
8598
8598
8600
8602
8602
8603
8603
8604
8605
8605
8608
8613
8613
8614
8616
8617
8617
8617
8618
8618
8621
8623
8624
8624
8624
8625
8626
8627
8627
8627
8628
8632
8633
8633
8634
8634
8637
8637
8637
8638
8639
8641
8642
8642
8645
8645
8646
8646
8647
8647
8647
8647
8648
8648
8648
8648
8649
8650
8650
8651
8652
8653
8653
8656
8656
8656
8658
8658
8659
8660
8660
8660
8660
8661
8661
8662
8662
8664
8665
8666
8668
8668
8669
8669
8671
8673
8673
8674
8675
8676
8676
8678
8679
8680
8681
8682
8682
8682
8683
8686
8687
8688
8688
8692
8692
8694
8695
8695
8697
8697
8697
8698
8701
8702
8702
8702
8703
8704
8705
8706
8706
8708
8710
8711
8712
8714
8715
8715
8716
8718
8718
8718
8721
8726
8727
8727
8727
8727
8728
8728
8728
8730
8730
8733
8734
8734
8739
8739
8739
8740
8740
8740
8740
8741
8743
8743
8744
8744
8744
8744
8746
8747
8748
8748
8748
8750
8751
8751
8752
8752
8754
8757
8758
8758
8759
8761
8763
8764
8764
8766
8766
8768
8769
8769
8771
8771
8772
8772
8772
8774
8775
8775
8775
8776
8778
8779
8780
8781
8781
8781
8782
8782
8782
8783
8784
8785
8791
8792
8792
8793
8795
8798
8799
8800
8800
8801
8803
8804
8809
8810
8810
8811
8811
8813
8813
8813
8814
8815
8817
8822
8822
8823
8824
8824
8824
8826
8827
8827
8828
8828
8829
8830
8830
8830
8830
8831
8832
8833
8833
8835
8836
8840
8841
8843
8845
8845
8845
8847
8847
8849
8850
8850
8852
8855
8855
8858
8858
8859
8860
8860
8861
8863
8863
8865
8865
8865
8866
8870
8870
8870
8871
8871
8872
8873
8873
8874
8876
8876
8876
8876
8877
8878
8878
8881
8881
8883
8884
8888
8889
8889
8890
8891
8891
8892
8894
8894
8895
8895
8895
8895
8896
8897
8898
8899
8902
8902
8905
8905
8907
8907
8908
8908
8910
8912
8912
8913
8914
8915
8917
8919
8921
8921
8923
8925
8926
8927
8928
8928
8930
8930
8931
8935
8937
8939
8939
8940
8942
8942
8947
8948
8948
8948
8950
8950
8951
8953
8954
8954
8955
8956
8956
8956
8959
8959
8959
8960
8961
8961
8964
8964
8965
8967
8968
8970
8972
8972
8972
8973
8973
8976
8977
8978
8981
8981
8984
8984
8984
8985
8986
8988
8989
8990
8991
8991
8993
8994
8996
8997
8999
9000
9000
9002
9003
9003
9004
9004
9005
9006
9006
9007
9008
9010
9010
9011
9014
9015
9016
9016
9016
9016
9017
9018
9018
9018
9018
9020
9020
9021
9021
9022
9025
9025
9027
9029
9030
9030
9033
9033
9034
9034
9035
9035
9035
9037
9037
9037
9040
9041
9042
9044
9045
9046
9046
9046
9048
9053
9053
9055
9055
9060
9060
9061
9061
9061
9062
9063
9063
9064
9065
9067
9069
9070
9070
9070
9071
9071
9072
9073
9076
9077
9077
9078
9078
9079
9080
9080
9080
9081
9082
9083
9084
9086
9086
9087
9088
9089
9091
9093
9093
9093
9094
9094
9099
9101
9102
9103
9104
9105
9105
9107
9109
9111
9112
9112
9113
9113
9114
9115
9118
9119
9120
9123
9126
9127
9127
9127
9127
9128
9128
9129
9131
9132
9132
9132
9134
9134
9137
9137
9138
9139
9140
9140
9141
9141
9142
9142
9143
9144
9144
9144
9144
9145
9146
9147
9147
9152
9153
9154
9156
9156
9157
9157
9157
9158
9158
9159
9160
9160
9164
9166
9167
9167
9167
9169
9170
9172
9172
9174
9174
9174
9176
9177
9177
9178
9178
9179
9179
9180
9180
9181
9181
9182
9183
9183
9183
9185
9186
9186
9187
9188
9192
9194
9195
9198
9198
9199
9201
9203
9203
9204
9206
9206
9206
9208
9208
9209
9211
9211
9211
9214
9214
9215
9216
9218
9219
9221
9221
9224
9224
9224
9225
9225
9226
9228
9229
9229
9229
9230
9231
9232
9233
9234
9238
9239
9240
9241
9241
9242
9242
9243
9244
9244
9245
9245
9245
9246
9246
9247
9249
9249
9249
9250
9251
9251
9252
9252
9252
9252
9254
9254
9255
9255
9256
9257
9257
9258
9261
9262
9263
9265
9267
9268
9271
9273
9273
9275
9275
9275
9276
9276
9278
9280
9281
9281
9281
9281
9282
9282
9286
9287
9288
9288
9289
9292
9292
9294
9296
9296
9296
9297
9297
9299
9300
9300
9301
9302
9306
9306
9306
9308
9309
9309
9310
9311
9311
9312
9312
9313
9314
9314
9315
9315
9316
9319
9319
9320
9321
9323
9324
9324
9325
9326
9327
9328
9329
9329
9330
9332
9334
9334
9336
9337
9338
9339
9340
9341
9342
9343
9343
9345
9345
9347
9349
9349
9349
9350
9351
9352
9352
9352
9352
9357
9357
9358
9358
9359
9360
9361
9364
9365
9365
9366
9367
9368
9369
9369
9370
9371
9373
9374
9376
9376
9377
9377
9377
9378
9379
9380
9381
9384
9385
9387
9391
9394
9395
9396
9397
9398
9399
9399
9401
9402
9402
9404
9405
9405
9406
9407
9408
9409
9409
9410
9410
9410
9412
9413
9413
9413
9417
9418
9420
9421
9424
9425
9425
9427
9427
9428
9429
9430
9432
9432
9435
9436
9437
9439
9439
9440
9440
9440
9442
9443
9444
9446
9447
9447
9448
9450
9451
9453
9454
9454
9455
9456
9459
9460
9460
9460
9462
9462
9465
9465
9466
9468
9471
9472
9472
9473
9473
9475
9475
9476
9476
9477
9478
9480
9480
9482
9482
9482
9483
9484
9484
9486
9488
9489
9490
9490
9490
9490
9490
9491
9491
9492
9493
9493
9498
9500
9500
9501
9502
9504
9504
9504
9504
9505
9506
9506
9507
9509
9509
9510
9511
9511
9512
9514
9516
9517
9520
9521
9522
9523
9524
9528
9529
9531
9531
9531
9534
9535
9536
9541
9541
9542
9542
9543
9544
9545
9545
9548
9548
9550
9551
9553
9554
9555
9555
9556
9556
9556
9556
9557
9558
9559
9559
9559
9561
9562
9562
9562
9563
9565
9565
9566
9566
9568
9568
9571
9571
9572
9572
9572
9573
9574
9574
9575
9576
9577
9578
9578
9579
9579
9582
9583
9585
9586
9586
9586
9587
9588
9589
9589
9589
9590
9591
9593
9595
9596
9597
9597
9598
9601
9602
9603
9605
9607
9607
9608
9611
9612
9615
9615
9616
9616
9617
9618
9618
9619
9619
9620
9620
9621
9621
9624
9624
9624
9628
9629
9632
9636
9636
9636
9638
9638
9639
9640
9640
9641
9642
9642
9643
9643
9643
9646
9647
9648
9648
9649
9651
9652
9654
9656
9657
9660
9660
9661
9662
9662
9662
9665
9666
9667
9667
9667
9670
9670
9671
9671
9671
9672
9672
9674
9674
9676
9676
9676
9676
9676
9678
9678
9679
9680
9681
9681
9681
9681
9686
9690
9692
9698
9699
9699
9699
9704
9705
9706
9707
9707
9709
9711
9712
9713
9714
9718
9719
9720
9720
9721
9722
9724
9724
9725
9727
9729
9731
9733
9734
9734
9735
9735
9739
9742
9743
9743
9743
9744
9747
9747
9750
9751
9752
9752
9755
9755
9756
9756
9757
9759
9760
9764
9764
9765
9767
9767
9767
9768
9769
9769
9771
9771
9771
9772
9772
9772
9777
9777
9778
9778
9778
9778
9779
9781
9781
9781
9781
9782
9783
9783
9784
9786
9786
9787
9787
9788
9788
9788
9790
9791
9791
9792
9793
9795
9795
9797
9799
9799
9802
9804
9804
9804
9805
9806
9807
9807
9809
9813
9813
9814
9814
9816
9817
9818
9819
9819
9819
9821
9821
9825
9825
9827
9830
9830
9831
9831
9833
9834
9835
9836
9836
9837
9838
9839
9840
9840
9842
9843
9845
9845
9846
9846
9847
9848
9849
9851
9851
9852
9856
9862
9863
9866
9866
9867
9867
9867
9868
9868
9868
9869
9869
9869
9872
9874
9874
9875
9876
9877
9878
9879
9879
9880
9880
9882
9883
9883
9883
9883
9883
9885
9885
9885
9888
9889
9891
9891
9892
9893
9898
9899
9900
9901
9901
9902
9902
9904
9905
9906
9906
9907
9908
9908
9909
9911
9911
9912
9915
9915
9916
9917
9918
9918
9919
9919
9920
9921
9921
9924
9925
9926
9926
9926
9929
9931
9932
9933
9935
9937
9937
9938
9938
9939
9940
9941
9943
9943
9944
9944
9945
9945
9946
9949
9949
9950
9951
9951
9952
9953
9953
9953
9956
9958
9958
9959
9959
9960
9961
9963
9964
9966
9966
9967
9967
9970
9971
9971
9972
9973
9974
9974
9977
9977
9978
9978
9980
9981
9982
9982
9988
9988
9988
9989
9989
9992
9992
9994
9994
9994
9997
9997
9998
Time elapsed : 2.355202    ms
