479
0
0
284
2
2
3
3
4
4
5
5
269
7
9
9
907
12
12
14
15
934
939
17
19
21
23
24
24
26
30
433
35
37
37
38
40
41
859
43
44
286
46
48
49
49
49
51
52
52
71
54
55
56
57
58
59
61
62
891
63
63
64
948
66
66
67
67
69
69
70
54
71
73
74
76
76
81
83
84
84
85
87
87
88
90
91
91
91
92
792
93
94
94
94
144
990
619
98
98
99
99
481
104
105
106
106
108
109
109
109
110
111
112
113
114
115
116
117
406
118
118
521
121
123
123
844
125
125
656
128
128
128
129
129
359
130
132
137
581
170
141
142
608
663
144
392
219
146
147
148
148
149
151
151
152
152
152
152
153
155
155
158
159
161
162
165
165
165
166
168
170
140
170
172
824
174
175
176
180
181
182
184
798
186
947
188
191
10
194
195
365
196
201
201
202
978
203
203
204
205
208
209
211
212
213
213
214
214
215
217
219
145
98
220
223
41
223
226
227
227
229
229
231
922
232
232
233
236
237
237
237
709
239
239
331
241
791
243
244
244
251
251
253
255
255
255
256
256
256
256
256
257
257
258
261
414
842
267
6
269
270
271
546
272
274
274
275
275
276
276
277
278
279
280
280
282
282
1
285
285
926
45
288
289
290
290
291
295
300
301
301
309
811
313
315
316
317
479
319
320
321
322
322
323
324
325
326
326
328
328
328
329
241
876
333
333
333
335
897
337
341
341
342
343
343
343
344
345
346
347
351
353
353
354
356
356
356
356
357
358
358
359
652
130
359
360
361
361
361
361
361
362
363
196
366
714
366
366
369
370
371
371
372
372
377
393
379
381
382
968
808
145
378
393
393
963
912
397
993
401
402
404
117
407
407
408
411
411
412
413
414
414
414
262
417
418
419
420
421
424
425
756
427
428
428
428
865
392
432
433
33
434
434
434
436
436
437
437
437
439
440
440
443
443
446
446
447
447
448
450
451
452
453
958
649
459
833
845
461
462
462
462
463
635
465
465
465
466
466
466
466
467
467
467
468
914
470
470
471
473
475
477
858
286
884
479
480
480
480
481
904
756
483
484
485
486
486
487
487
488
488
489
491
491
492
492
493
493
495
497
498
499
501
501
502
504
504
504
507
507
960
507
507
508
780
508
509
510
511
511
513
514
515
517
885
519
519
863
523
524
525
525
526
526
526
528
529
531
533
533
534
535
631
535
538
870
593
540
540
625
543
543
62
606
792
546
547
965
550
798
553
556
559
561
562
562
565
565
567
568
568
570
570
571
572
572
996
985
552
576
577
579
139
727
585
587
588
589
590
591
592
540
596
598
600
601
601
601
601
603
603
605
605
605
606
606
545
606
143
609
609
610
612
613
613
614
616
616
617
618
618
98
622
623
623
625
541
626
626
626
628
628
629
629
124
631
631
809
631
634
634
635
704
635
635
636
636
637
638
640
642
643
644
646
647
648
458
650
650
651
359
127
656
656
657
657
658
658
658
658
659
660
660
96
666
574
671
671
671
675
676
676
681
683
683
684
686
686
687
687
689
689
690
690
690
692
693
694
695
695
697
699
400
703
463
705
705
707
707
708
237
710
366
714
717
718
719
719
720
722
722
725
725
726
583
732
732
733
734
735
737
738
740
740
741
825
743
745
748
750
830
753
753
754
754
755
794
755
756
427
756
481
758
759
760
761
762
868
767
768
768
769
769
770
771
963
773
774
776
890
776
779
780
508
781
783
783
783
784
785
786
787
789
789
790
790
791
242
92
792
271
793
755
795
796
185
666
798
802
806
807
429
809
535
16
311
812
813
813
814
815
817
822
823
173
824
824
824
742
826
828
828
829
829
751
830
833
459
834
834
834
837
839
841
842
264
843
844
630
845
459
846
847
848
848
848
849
850
851
853
854
856
856
857
478
859
223
861
861
862
118
863
864
865
429
867
868
763
539
870
871
873
874
875
331
876
878
878
878
879
879
880
880
881
882
883
318
518
885
885
887
888
776
890
544
895
895
897
335
898
899
900
901
902
903
100
904
906
906
194
982
909
909
395
913
914
468
917
918
919
920
920
920
231
923
925
0
927
927
928
929
929
929
930
931
931
933
810
936
936
937
16
939
940
940
941
943
946
187
947
65
950
950
952
952
953
955
956
453
959
507
960
961
961
961
963
395
963
772
548
967
968
385
969
969
971
972
972
976
978
202
979
980
980
981
908
982
983
983
983
984
985
985
985
985
985
574
986
986
989
990
220
992
702
574
998
998
998
998
