529
151
278
271
0
570
936
844
650
980
487
26
152
885
507
635
104
614
105
291
321
58
342
544
401
903
798
704
605
982
848
635
808
382
859
876
98
377
834
458
658
76
0
694
687
925
428
33
498
844
108
815
344
845
771
353
232
395
400
346
714
720
572
40
651
433
708
929
0
625
853
2
990
590
829
755
419
850
465
213
420
81
162
203
756
776
205
981
596
256
87
129
769
705
628
301
686
461
781
15
488
687
871
184
492
913
446
491
649
656
73
44
592
481
144
940
810
414
244
534
616
576
695
211
900
275
626
429
71
559
359
635
231
411
920
412
358
351
239
875
231
202
931
908
857
165
629
311
436
152
475
282
256
546
753
979
486
151
631
66
487
130
613
280
173
153
666
30
931
807
884
961
780
562
220
251
790
223
91
96
257
878
570
510
754
767
497
63
992
402
76
658
370
507
428
760
186
54
128
792
759
719
983
523
128
605
166
372
565
952
341
525
865
868
636
626
290
806
114
601
45
660
926
870
407
829
465
774
958
567
648
600
890
237
940
939
35
841
823
471
66
361
220
477
335
947
812
519
922
9
255
748
776
587
84
256
274
159
481
740
145
239
125
481
432
666
91
331
144
515
109
937
255
912
543
927
998
888
121
165
754
561
786
439
393
591
54
180
623
859
895
868
762
732
479
822
347
148
83
953
191
939
93
897
785
521
288
650
466
67
562
480
371
791
795
406
24
791
854
982
322
209
606
486
830
112
378
848
507
593
508
828
462
91
531
10
863
802
41
170
895
366
466
433
509
738
845
434
790
233
174
397
946
284
61
613
274
365
213
358
996
867
776
635
501
453
652
507
366
568
689
959
511
326
90
395
985
956
479
882
148
356
792
227
514
71
571
787
63
187
319
699
659
227
253
848
70
99
195
488
202
574
359
890
379
550
466
751
874
574
978
436
467
707
229
257
479
842
880
140
610
5
453
7
906
5
634
123
353
41
693
467
929
517
616
933
421
359
504
756
934
608
361
130
861
909
663
425
968
780
980
719
417
255
511
681
763
538
577
936
418
817
9
161
617
282
897
110
690
690
333
636
285
518
643
606
277
873
92
242
272
846
181
69
969
917
508
117
175
362
581
470
923
329
128
540
961
437
214
690
891
256
907
952
333
19
341
622
825
269
742
459
583
904
427
49
880
286
798
689
556
637
117
755
74
941
185
116
646
985
85
644
146
943
849
201
950
141
223
824
360
237
732
985
983
92
864
914
289
4
548
984
589
837
6
51
834
813
756
491
963
356
737
343
21
468
552
675
898
535
322
750
317
356
978
62
686
446
657
640
504
337
463
275
285
684
52
492
381
495
392
147
671
658
541
508
794
280
526
568
507
38
182
98
792
858
363
676
526
770
57
493
902
705
758
262
276
331
919
967
813
768
407
493
113
170
707
411
972
714
998
328
601
480
369
236
876
94
142
232
695
755
718
862
67
459
385
48
371
798
261
264
111
734
914
158
579
94
226
323
69
393
761
270
676
741
223
965
241
251
605
468
735
361
267
328
194
909
501
372
361
656
106
452
343
155
109
535
920
547
64
219
619
883
269
428
326
65
863
533
968
318
989
628
773
427
118
993
726
603
196
88
62
960
478
524
124
49
809
574
414
811
601
722
451
598
990
660
920
618
443
899
631
300
638
881
16
553
543
56
256
856
465
901
626
437
286
279
324
525
237
826
879
833
328
309
208
947
3
12
528
295
656
241
634
683
413
986
484
214
985
631
671
526
434
345
87
918
448
467
23
878
59
740
37
963
784
756
118
745
847
315
99
783
489
722
789
155
357
215
4
139
629
833
546
46
828
16
165
24
271
168
725
928
671
203
129
960
753
843
14
861
618
49
887
870
229
502
152
565
603
519
447
929
217
94
789
697
702
52
316
98
84
437
809
609
733
335
779
237
703
301
606
123
320
443
127
3
717
2
106
145
533
950
219
930
118
743
540
143
408
865
37
393
115
188
243
814
955
535
109
354
483
12
998
473
462
839
963
98
851
414
692
972
196
325
998
356
642
830
313
204
824
125
414
504
623
333
539
485
137
772
100
769
258
463
462
366
906
290
625
601
343
466
194
683
963
152
725
657
612
201
392
885
824
986
927
55
276
170
961
948
450
132
212
834
709
440
459
429
969
424
856
796
727
434
971
447
440
793
842
149
176
824
480
658
1
572
499
631
783
17
983
513
976
609
244
43
470
985
904
359
768
545
585
366
606
404
540
172
630
885
783
878
879
361
588
985
647
710
