8266
5149
4025
5284
120
1664
6519
3658
9273
8399
7219
8028
6713
2202
1774
1159
9456
5170
1621
5910
598
4196
9536
3541
8645
6724
7089
1577
1240
5514
3390
6161
9185
7417
6102
8052
1601
9818
6402
7142
1984
3760
9275
7710
7964
4536
9352
5478
4623
9007
343
8002
2402
3827
3060
1915
5803
323
2988
4104
8389
9849
3440
9048
2880
8110
4405
1197
2574
8158
417
9578
1744
9558
2971
1566
8207
5556
4332
4184
808
998
9929
4219
8249
1212
5979
2933
3353
6115
7430
7220
8651
4368
8897
6705
4999
9607
7858
5427
4824
4457
5055
7553
5552
8343
1787
8835
6802
1953
7563
9447
6983
4607
4475
9221
1108
772
6536
3367
1808
8484
3260
5276
9831
5540
6753
3157
8613
8972
762
8937
9919
9559
8236
1119
3994
5878
1251
8093
8197
1781
3387
4771
2655
7071
80
3380
123
3613
6811
8715
9945
8176
8563
9245
2779
8876
6463
8077
3563
4253
9170
1985
5119
2740
7245
2445
3715
5560
8439
9951
963
7945
698
1758
3461
1949
7473
3613
2771
9144
6905
8097
3522
2973
2412
5681
6670
8669
7252
9814
8306
3279
9767
3979
1783
9565
9172
6948
2392
5350
3984
2268
9327
4184
6509
9377
9262
4167
7136
6711
9521
9181
1633
1642
6500
867
3121
8171
6789
229
7938
901
4257
4962
1243
3049
6279
2258
3855
6945
6202
7190
6570
7850
7201
3561
2018
5735
4742
7570
6937
5167
992
4567
9714
388
4764
5734
8996
1291
4812
4618
9240
6081
2642
3093
8173
8134
3391
2555
9315
7791
9790
8931
9939
4657
4722
9447
1171
2338
2502
4972
2254
5508
7610
4273
5458
8668
2341
5506
1589
7064
1592
5886
8595
2820
3836
2643
7393
3559
2229
7068
9698
6521
8748
8758
2389
8509
7280
9008
1724
865
8656
700
8598
9127
1769
7019
2957
9006
125
2849
1448
3910
2440
813
7473
4324
9214
8562
6875
6114
4632
5149
5715
2995
4576
2108
8782
8292
7053
9192
8813
2431
925
5649
6749
5607
2484
5379
2774
9509
7095
8332
6371
8103
4910
1137
1190
5059
5494
7073
7109
4635
6084
9249
7580
3541
2162
1102
5039
3659
7040
5214
1014
9357
9234
4826
374
8558
2556
2395
1133
3758
4036
6104
2154
7728
9080
8295
1222
8769
1583
9480
4975
2088
9115
7779
449
7092
9743
6460
5147
5239
7594
1544
8908
9437
8811
7399
6161
3944
8225
687
1607
3204
9759
2065
5849
9134
336
662
23
8989
7926
8456
122
141
9215
471
2360
3838
1385
1933
657
7341
5457
5392
6148
2705
5776
9251
6439
911
1331
4065
9311
2057
9825
4545
1510
5891
4659
3279
8335
2069
8345
6850
3844
6252
3238
6243
4673
6359
1948
1220
2691
3158
5291
2693
3020
704
5242
8022
4311
5120
3969
1643
7586
4680
7760
7472
8449
241
6400
99
5005
2687
4391
8984
459
3243
312
3554
5011
3275
4557
7396
6439
2472
3712
6597
2511
8251
1909
661
1279
4577
5651
4445
7194
5483
8782
6048
1986
7060
8571
8715
9300
1867
2187
4448
1183
1386
5246
3271
2696
5382
576
4837
8163
1863
5821
8454
8870
7708
3159
3478
7370
7963
2963
4520
8001
1314
6018
4925
6700
304
5626
7602
5718
7499
1774
4404
511
2977
4442
4028
6689
4302
2074
3638
4700
7408
4243
1297
8675
5747
4654
4686
3762
5461
1722
6551
3176
6350
9225
8876
2186
1974
8740
5851
1307
7354
8956
382
5088
9420
4298
88
6033
3619
6801
6541
5462
9889
655
5833
4395
2618
8427
9455
7915
2089
1634
1970
5869
9493
6010
5969
1299
3563
3600
5407
5476
4604
9648
5580
5093
807
2118
1703
2788
2524
5655
8361
6938
2501
9819
8928
459
3917
3484
7460
1194
3533
3456
5566
8411
4261
5554
3242
914
14
679
5800
2311
5838
6719
8659
8111
7995
9523
7976
7474
1959
2652
7904
9699
1052
6119
4589
1814
4855
8895
2928
8997
4468
8648
4598
3995
1179
4829
4878
5172
6178
8029
1390
5390
1577
9339
49
5510
7189
8355
2223
7007
3259
7402
2396
7897
6671
2591
7458
4996
7023
9391
7187
3384
9399
1537
403
871
2676
7322
2875
1235
5764
6555
1096
5094
9299
4824
742
1322
7023
9088
9835
5143
9292
72
4402
1266
1011
2460
8793
1688
7660
3460
3718
8202
5982
3972
2514
9033
473
4252
224
7537
2796
7805
635
8428
8948
2984
3593
3614
8136
1737
8637
5412
8104
8865
1255
9628
3959
3166
4955
4791
1422
3944
5701
6709
860
2482
5265
9409
5476
8294
6580
4537
5571
4251
7259
1329
959
2964
7119
8372
5256
9261
1749
6563
9062
9982
6976
9891
3833
2906
8396
6984
4649
1132
6063
1710
7991
7936
6904
5552
172
9797
6436
7969
3109
2069
6991
3482
6768
2597
1795
5871
1777
3477
2951
497
1494
101
6700
5552
95
9660
1142
1789
2132
8357
31
8172
9475
7702
1208
7826
3518
5507
9799
4594
4114
6427
4361
5638
1838
241
8859
9556
6841
3467
4543
2714
5836
1341
3599
8703
8551
2729
785
7136
6382
91
174
8362
8892
300
1588
97
8336
9788
5362
456
8421
9268
4641
9425
1169
9132
1604
7420
4919
6482
7703
5247
7269
8739
8305
4525
9060
6766
8964
1429
9395
2543
3959
9466
7123
2568
7705
8925
1205
8338
6177
1628
960
9587
8583
9662
7321
4225
9180
5877
7889
1357
5352
2102
1866
214
835
8297
5733
8308
2353
2109
6922
6753
3797
3722
687
9312
4581
5250
4851
4417
7833
7468
8205
6224
9656
9177
928
1542
2895
6141
9615
4414
7514
7201
5232
9044
5015
4894
9646
4813
6149
6717
5236
4187
9589
1039
2566
5471
4209
8583
3044
7562
9123
6371
7131
3137
3780
6116
3718
18
5008
3103
3031
7870
9178
4817
3649
8830
5403
792
4038
6190
55
6461
400
4834
3781
4135
5539
771
9662
3695
7988
4809
5225
4018
6670
7193
1565
3765
4030
5845
35
6710
9720
750
658
2516
7715
973
6712
8568
2021
8833
6771
2279
31
7801
8905
6153
8011
6885
1710
9806
212
4415
3371
4131
1664
8447
3045
2857
4830
9319
8541
5837
1989
2290
456
6596
8490
4643
5737
3900
6782
2154
2974
3405
7573
4408
7635
796
2340
7091
7928
2277
967
2079
1023
1722
9323
2928
4915
6391
4229
4185
3444
4668
7457
7849
621
25
6137
9247
5776
5074
4291
7618
2812
8431
9063
3787
5332
4949
5673
8430
4307
6796
7115
9661
6545
8849
8175
7919
269
6943
8504
9483
8810
1573
6129
7315
4615
2885
1066
9402
3553
4980
8502
274
3883
8872
2394
974
5094
3808
3271
6364
9365
6069
8522
6401
2379
2864
9528
9742
832
6485
7611
3894
1156
481
9980
6014
7666
5305
7574
2405
8646
5621
9061
2789
5726
5235
9089
7505
5304
8508
4340
1934
761
9011
7952
2646
719
7167
1419
4042
1704
8697
3206
2585
3245
4762
5031
8116
9640
2906
9989
8205
5408
5108
1513
1980
805
5575
8565
4514
9679
6246
363
1419
4404
2431
3460
6065
1681
4457
5073
8569
8586
3778
9158
6555
385
3600
5933
2549
392
4735
1313
1870
7388
7166
1
7850
7998
6567
4902
8328
9821
2914
5928
8495
6064
5228
3280
371
3982
2485
3856
8462
7526
5768
4573
4482
9232
873
3046
1400
7636
3712
4365
8565
4261
3135
2476
5120
8580
7066
6109
8561
263
8219
2062
8889
5485
5075
3223
6542
8110
2306
4730
4031
7150
2357
9306
7065
9084
6529
2018
829
7300
9562
5421
1014
1249
6472
8402
7260
4712
4176
5892
8711
6018
3317
2054
7544
2997
7609
6570
6544
1998
9029
2211
1040
3399
7199
1983
3876
5681
459
5864
4473
6391
4257
359
9476
1042
9751
8959
3025
424
1807
7925
9256
2629
933
9791
8271
8624
8124
6457
9548
9203
5071
4818
3493
6766
4729
515
2698
7508
8881
9551
9358
8353
9959
3302
4215
8227
4171
9747
5487
5107
1748
2610
3249
8718
7994
588
5910
3697
5757
777
652
9572
5908
4036
8913
2033
7479
5116
1378
4586
3213
7071
4302
934
9454
7759
469
6208
1549
5996
3569
9493
7225
6354
4414
1035
753
4513
988
4967
179
9565
2103
2422
8329
5766
6131
507
5888
3823
2165
9778
1448
1029
831
6541
9093
267
5923
6631
8831
266
6078
4145
8968
3329
7742
2005
2415
2224
6877
1215
784
4897
7016
2208
1184
4278
5563
4754
618
512
8565
2586
2036
4716
6578
5104
4236
6536
679
1308
5085
2655
8235
444
3777
9743
2585
9778
3266
3292
9453
2363
8378
3278
5596
6706
8637
8673
1996
5838
7371
5415
4679
5445
256
6693
1200
9439
7185
88
9724
6642
1011
3503
713
4072
5583
608
8256
778
3300
7036
9252
1083
9369
534
3858
7675
5924
1832
9872
3057
4199
8140
7052
2529
7097
7869
4778
3108
7626
3405
7905
546
940
8598
1170
1000
9015
9004
2119
4752
7344
5854
6130
6915
2459
9211
4847
4042
7595
1874
1069
6179
1324
3184
9016
1047
633
1086
8733
777
5570
1566
7398
1876
7333
6878
8278
5977
5464
7852
188
2318
2686
1047
6423
2872
7827
8458
2361
7568
8273
6111
5189
177
3447
7955
7542
5038
9898
3190
9229
1083
6791
8393
7676
2343
7787
640
8259
3510
1646
4177
223
5016
9204
1155
2600
4553
8824
6430
7168
1025
5904
7502
2333
2467
4565
3289
2579
1677
1268
9620
3080
1994
764
5092
7985
948
4534
8246
3917
1359
668
5879
7325
7851
1989
2784
5426
1757
6163
5170
5732
8871
7509
3608
8392
2645
5287
6465
8902
67
7333
1483
6166
8664
1108
1397
2309
899
6447
9320
6175
6514
5593
996
2030
4351
6475
3938
8617
2590
4603
8012
1429
419
7436
8048
2827
4721
2645
6725
459
2542
8276
5137
4332
3806
8523
9209
6846
9035
3538
2464
8103
3688
5502
9477
909
4107
6064
9848
6002
80
2142
9465
8269
5518
8111
4454
8951
1857
2411
3291
7214
8466
5751
4267
6802
540
6229
8746
9974
7755
3959
5454
1453
6301
4062
7447
9657
2827
2256
1300
1178
1286
1709
7609
7116
2720
3291
2925
6714
3601
3911
5880
4497
528
9258
4470
2085
7767
7907
7176
4726
9436
3510
7952
5693
9967
585
3972
8697
4885
7270
5470
9667
8912
5348
8991
4414
9958
3816
8984
7986
5629
7339
7728
4845
3547
5022
333
6383
8020
8139
9767
3758
3359
7635
6704
9542
8479
3599
333
1269
8365
9179
9249
3579
5413
911
6011
3398
7720
5861
5031
4340
1974
3569
1099
2351
5762
7368
5009
4502
7832
5344
3528
6818
5134
5927
3253
4998
2296
6908
1786
4029
2615
9531
5078
8766
9612
1246
6818
7824
4718
1687
4299
7336
9767
6477
5311
9506
2641
2597
2306
3256
595
7221
3347
722
8624
9128
4138
3877
9529
8158
1837
142
8294
3476
9273
4483
5811
5888
7704
8185
6068
2894
7311
1301
6473
7745
7247
6550
3172
5368
1259
7378
1919
8688
640
1821
364
8634
3601
6840
9430
9901
9002
4883
9921
2398
2858
5542
5398
5246
7993
432
3960
6171
830
8617
9624
4186
4377
3315
8665
7570
3214
7928
7499
2319
4491
971
6492
8492
8792
4934
8375
3160
6082
3725
923
9037
4896
6977
961
7296
7439
7194
834
1552
9319
7501
9061
7550
271
3567
4051
9699
1406
3199
3471
1286
5292
1007
2167
9908
7477
3616
8349
3492
1925
2942
1183
5116
8316
1195
2899
6765
6110
1504
5050
3164
8895
2287
1665
6842
2623
1860
1681
4740
3041
2129
9275
4798
890
6710
3498
8244
8236
9296
7939
9555
5697
2701
7093
1472
8246
7640
8535
6828
6789
3011
9069
2480
3782
6215
8596
3139
3763
2873
7623
4537
3877
206
3018
6040
5226
7282
1962
2523
3175
8362
5814
4171
3646
2658
4099
679
2841
4947
3725
3290
9863
6709
118
4073
5269
6707
5029
6898
3676
3262
462
8676
5300
7877
9334
2610
9480
1311
1331
7429
3129
8718
6712
7889
8375
53
1750
2177
6614
5602
6971
1279
716
4152
3370
3864
3161
3155
2389
7777
5522
6002
2599
5859
3906
1458
9743
9465
5712
4248
7099
7810
5366
3813
9931
5053
604
309
1248
9899
6267
3101
6028
4438
9620
7177
7617
9878
9739
7203
3091
6945
3649
7236
4050
7779
3585
6538
5518
4354
3006
8373
8398
5681
3792
9182
309
2361
3440
124
5497
2396
9018
1606
7024
6608
4130
4125
3442
5493
6213
5529
7770
1900
4116
5617
8744
5503
93
3893
3040
5759
6112
5267
2430
9721
1658
1469
1716
9937
9147
3068
1652
5466
3437
8107
6062
6022
3976
8562
3893
5195
1675
5131
5024
3779
7705
4155
3324
8343
8141
7889
1664
3337
6586
784
1384
7283
6762
9967
3036
4888
8408
7679
6165
7280
2767
7074
3337
1996
8454
496
7659
2825
4556
1106
3647
7176
5445
4566
8440
5234
968
7393
4079
857
6437
2520
1865
8889
9157
651
6656
7373
2097
8059
2340
6009
763
7623
9747
4113
6320
105
4741
2338
6583
6936
7366
2458
6624
4112
2557
8616
2425
9181
9167
1641
4269
9786
6816
5235
1356
2709
9451
9167
5546
6969
373
9953
18
3167
6000
3917
8183
3949
4628
1048
9229
7274
2074
572
9306
4951
8245
804
1553
3845
7368
6502
3918
6075
9940
6693
1035
7574
6270
4724
5311
1425
9909
162
2792
3578
4233
9099
1396
3697
6970
5384
2674
3219
5575
369
3357
5981
984
2868
9666
4202
8539
4183
5601
4037
2626
5312
6238
461
5925
4741
8441
794
5087
5572
4344
9846
2113
192
7451
7346
4751
9140
7256
108
9809
8411
5951
7187
457
6013
9926
6202
2316
4299
9557
2944
3374
9321
3085
4397
9674
2224
4244
7388
2087
623
8764
1233
9460
9752
1868
2942
9966
4230
7427
7795
5597
1290
9597
6483
4358
5449
9428
2336
976
2776
2188
8669
9713
129
5976
6758
2208
1054
8556
9562
9186
5393
7297
4938
7347
4056
6591
4797
1789
3936
8208
3432
9875
438
2652
9063
4679
6775
3780
7547
4795
9787
4702
6149
2634
1829
293
8297
5141
7047
510
7310
9296
8219
9179
8247
9722
7287
4878
2216
7252
8662
4145
6758
5428
9448
2338
9244
6519
4851
4177
7633
9915
195
4256
4359
3505
3200
7608
4681
2990
1521
1799
357
5024
829
4964
3197
7510
8223
8697
713
4419
4185
765
7876
3129
3881
263
4810
9376
5179
6990
158
8702
6491
7600
3783
3500
2208
3390
523
1666
7363
8447
8759
6213
5966
2356
3733
5230
9427
8613
5735
8056
2411
8526
7542
6674
3586
435
3862
952
7775
5837
7862
2605
4235
7216
6384
5522
3007
7204
5915
9460
7587
5078
5996
9994
7517
4536
5366
104
8939
6188
8877
7805
4620
9280
9944
9819
7514
9783
4158
3445
3552
6172
4565
7522
9994
9964
8073
8625
5443
5422
5463
528
6405
1679
4569
3335
3136
997
7329
3672
4464
8866
6612
8865
7222
5219
7987
6115
1027
1171
4965
2353
3189
2357
3581
1658
1779
8223
3685
4938
7055
6425
9816
876
2788
2871
4095
8087
9377
869
7240
5896
57
7370
1501
5155
11
339
1075
1148
5720
8919
1400
7770
8518
7248
8618
5890
1992
3533
4443
9094
7577
8310
9705
6849
6531
9676
1903
8537
9314
8752
8254
1778
5321
5595
5923
4995
6913
4388
5396
7269
1730
6816
1279
8187
6392
4271
7195
6623
2857
2742
7933
146
5939
9093
2471
6118
6817
3784
6130
1455
2675
3044
8727
470
7089
2998
8290
9281
9238
9326
6704
837
2553
8645
4457
6789
5067
2006
6545
1156
4363
6640
574
5995
9772
9413
1100
1162
3284
4320
1317
8641
8464
6774
4372
6883
3618
9492
1769
2152
1435
8277
5603
1950
2357
1193
4684
255
3077
1263
2023
5541
4706
1109
2589
315
7407
7744
5760
5259
9586
7113
6502
1976
89
931
2915
5799
1275
2839
5505
4170
9343
6985
5328
6687
5800
9771
3938
56
612
4665
8018
4944
3224
765
5472
1974
2376
8090
7826
970
9459
6463
5820
972
2990
292
1256
8485
3730
8540
8338
7991
941
7770
2031
1838
338
6234
9281
6254
3394
8727
1355
6509
5840
5095
1965
6958
418
198
6421
1125
5285
9409
1595
2817
4765
1753
5128
1801
3641
2233
5027
6539
9601
5981
7562
2143
1045
9498
2201
3802
9055
8436
7212
4716
2997
7107
8523
2799
8978
2260
7445
2309
9158
2495
9938
4927
7799
5163
1251
9813
6851
4580
4968
3682
9842
8953
4756
31
7925
8553
456
1341
6011
4330
7519
9245
104
4466
289
5493
9211
6119
5110
852
6447
1040
8841
9992
4388
6647
1994
7905
9067
8660
3415
7401
5578
7463
5211
7853
5729
7986
2421
2499
4844
2083
1872
5335
470
3141
8561
8928
479
4972
5972
1311
1861
904
8776
3530
4365
4443
2532
9387
5058
9867
5206
5469
874
9681
9573
2619
6265
5997
3936
9692
2176
4578
940
6647
745
3546
767
6804
7360
3577
5466
7459
8013
2754
5785
3929
5235
7226
504
4612
342
8296
974
3624
3195
7629
323
3235
3216
4916
7647
421
7045
6491
2372
626
8860
9183
2931
7063
9146
958
6936
5767
6484
8836
7081
5001
4790
4944
8172
2580
5374
3641
5877
6239
9159
6135
7053
238
9454
4218
4857
6071
9783
1372
9206
6359
4466
7782
4646
8804
1845
5610
3171
1399
1389
2238
9141
1029
6245
2143
7078
5057
2235
2581
813
9500
2790
4285
4257
8035
6852
6047
9867
3208
3394
1221
778
4941
1874
4949
6545
1718
2683
3204
437
6688
5441
8661
8304
4316
5863
3800
5202
3181
3825
8682
6142
7077
6267
9385
1609
9636
8603
3228
6825
7384
7431
8575
6128
2332
5495
303
273
7999
7106
6789
5013
2130
8513
684
3863
5232
3079
3651
6623
6575
5550
4779
7909
8300
3179
3409
6746
3893
4029
9787
9070
9429
4368
1079
9911
4720
7776
6122
953
6780
8285
9504
2218
9868
8708
4534
3664
4768
3130
5025
3673
4958
9510
7877
6561
8832
4277
1959
555
5235
5901
3967
978
4251
8486
8575
803
6383
9643
8485
2163
1048
9112
9778
7950
9676
5916
9352
2200
9577
2181
4170
1599
2258
1192
6539
8172
3842
5723
5715
4954
5904
249
3748
2309
2140
7242
2675
2410
51
3442
913
3399
7073
6708
9033
2718
7448
7886
8959
1207
9531
4952
6083
5719
3221
8658
780
8157
3681
9845
4396
3174
693
8678
4863
5049
2560
5149
8845
6677
9764
8372
513
56
6329
9421
1896
8172
6184
8783
6129
2762
7765
4844
2843
1081
2522
4233
4461
7502
2052
8386
3211
2546
4180
3183
1314
2762
452
154
985
9795
6238
8431
6621
5888
9918
6328
8898
6141
9476
261
9349
4873
3226
6566
4441
4620
6381
8694
178
1477
6689
8260
1816
9777
468
3463
8394
2429
5034
2512
8507
608
4721
2851
1943
7985
5497
9239
1683
162
7493
5019
2094
9582
5722
1266
2106
9819
6668
7965
6658
858
2525
9799
5767
8743
5415
6737
8201
8798
1093
6166
5917
1525
5360
9040
6199
4243
6697
7201
710
9516
5472
2870
4590
3554
3474
4152
4140
3864
7518
2298
8649
5653
7371
7510
479
765
1379
53
7654
1227
2793
2623
4894
1926
6056
8022
2264
3334
5050
3491
5459
5760
4696
9306
8081
1178
3161
4621
4244
7304
4443
7972
9315
1316
88
3323
7675
7392
4445
5112
9016
3034
9966
7329
8870
4069
7832
2373
4814
7174
4414
5130
7140
1760
5988
6561
1602
160
2470
8890
2352
6209
5940
1472
5127
7471
1258
2345
4348
5691
4168
5571
2909
3336
6917
8550
111
1500
2689
6663
1463
5901
7891
4876
3890
3225
5696
7174
1241
9619
5146
5117
7958
6828
7605
6187
3255
9132
6364
1110
4210
6023
5808
6868
3829
1403
3716
8744
9297
9960
3971
397
6411
5337
7260
5728
8486
2739
4175
55
1907
681
8538
1030
5946
2748
8744
1597
1463
425
1456
8336
1652
2328
5065
8530
8167
3494
5
8441
7601
794
9224
3450
6584
6965
4890
7931
8546
6297
6777
9053
1601
9579
3651
4055
4924
4549
1484
4959
500
807
1333
8170
8195
4911
5316
8988
4725
2213
1291
2622
1271
6861
5558
4011
276
396
8174
8474
9233
2335
7338
4012
8182
3247
7693
3945
8048
1967
2384
5500
8991
3786
210
5943
1449
5724
7349
2894
7734
8345
7744
9589
8706
937
7508
9018
8293
8342
6445
3096
8466
3262
4160
4344
8632
7411
9126
7900
6358
8550
6546
1108
834
8145
4896
6425
6563
6145
1604
934
2372
5210
5502
2351
41
6629
7397
7102
7595
4086
406
783
4617
9501
8505
5088
830
7193
5210
8202
4604
8813
4227
7516
5087
1660
466
4572
186
7268
2908
2143
2782
5504
463
2492
9226
1779
8196
4024
7438
1453
4048
774
6722
6011
5571
5478
7810
199
2058
2336
9578
7903
9952
9997
8365
7322
8436
8782
6917
2682
7706
8718
2585
644
4590
6556
8603
4375
8883
614
8020
7278
9078
2063
7184
1331
7987
4
4538
2120
7180
5621
943
3752
4121
7548
9731
2055
7435
6641
8264
3755
3806
3335
7907
2617
4704
4917
5989
958
2310
3212
1617
6381
1842
5397
6978
9104
1797
1979
7174
4826
4534
6333
4566
1735
7125
9586
8089
7941
6380
3185
4097
7417
2608
8960
2885
8325
3787
3162
4254
7529
5559
6606
6232
9037
2748
7781
3357
2118
4942
9603
4842
6961
2076
3335
8341
1832
5954
5131
2074
5939
152
1641
6602
6444
3844
1166
7694
6427
4778
5963
3404
2960
2806
9473
1733
941
8191
9482
56
8833
8254
4526
3896
7038
1804
6205
529
8284
3310
4500
2449
2102
7764
6686
6738
2241
2814
2948
9060
6691
6876
3456
5160
4900
681
2315
8500
5688
4974
3525
9998
2418
8935
2915
4687
9037
2314
7858
580
1749
9218
3495
6996
6305
3043
198
3193
123
120
2035
3279
1833
4332
121
34
8182
6133
7906
8562
9735
7236
7701
496
2283
6548
9016
835
499
3841
9678
2467
3966
5136
90
7904
3458
7794
9504
3836
7103
3908
707
1734
1868
7756
6151
6915
5737
6783
4221
9246
9877
5872
9064
966
8113
1501
1219
992
3125
5816
9142
514
4906
570
3626
1669
7233
7484
8138
9674
2170
4596
8107
8912
953
7909
1339
5148
1996
3797
9885
9314
3218
460
937
3120
6398
6036
625
3110
5865
6906
9949
7728
2437
2181
6495
1482
6281
9407
9087
1307
9076
2117
5057
2924
6733
2004
1447
9109
8799
7235
2107
7608
9636
3682
2412
3684
9472
7711
2107
1210
519
7572
4645
6629
4476
5398
8332
2123
2954
3366
546
7884
1618
5654
1372
8518
2189
2509
7085
5291
3808
3924
7119
4193
6761
8251
353
9593
7039
5391
7875
4650
9833
5110
9750
2576
3654
8531
2704
7352
4524
4838
4173
8554
1419
5875
5675
2603
9978
8439
5092
1883
1409
7808
3121
4000
7440
6331
3894
5702
214
7730
3543
9892
8092
1205
3387
9605
4467
9379
6299
9804
6909
655
5833
6428
8215
9667
7711
2260
9287
9157
2406
845
6125
2820
5714
2965
9712
1464
1447
4987
8049
4161
6691
4768
4216
1976
5408
8752
2940
4345
618
3380
884
7175
8858
5026
2635
7380
3161
5266
5170
679
2448
2497
8521
8236
5843
6677
9276
2993
201
1254
6572
8380
7929
5250
7358
529
19
8884
8781
44
6161
8140
814
956
9793
7239
1487
2554
958
3104
400
4461
3994
2589
3615
6538
235
1515
4461
2984
8122
4342
316
4335
4466
4717
4998
2002
910
34
42
7418
9118
7695
5863
1931
6653
6781
5539
4163
3098
6488
9813
8710
2554
1891
1782
3778
4341
8295
3699
5652
8459
7828
6354
4708
6167
5719
3537
1116
8881
9225
277
8342
558
9101
3723
9077
9671
2142
9802
1346
6960
3377
7152
2174
4247
8264
2167
2436
7771
8411
5497
9286
6743
9231
833
1904
4124
4252
1397
2222
1966
8803
8199
4740
8119
5251
6830
8597
4550
3048
6317
647
115
9491
4415
446
2182
1246
8592
6782
2238
2477
902
667
290
2721
8005
1539
1718
6518
4613
1854
8066
7270
9839
197
197
9764
1089
4588
8220
9413
9432
5749
7643
1333
3699
4760
5332
9132
7961
740
1996
1470
8478
2000
203
4319
1763
8423
8183
8198
4931
3772
70
2606
3202
4064
2638
4386
7088
2214
7082
2793
3590
9711
1948
1702
1547
3291
9908
8550
1171
8246
6775
373
1772
332
5872
9607
9671
5049
4670
6215
402
6515
3485
8108
5429
8078
7921
8874
3826
3385
7768
345
3612
9704
5072
7714
5792
4954
3245
6545
6521
6111
7230
4316
9288
9475
1981
3929
9500
2576
2814
3006
8478
3448
6561
714
2453
5464
6855
3391
4930
4926
387
1278
7477
4250
3507
1319
4904
5701
168
5157
5618
9381
2871
7221
6954
4437
8004
5098
8260
4318
5796
3287
1609
5312
2923
1836
1158
2555
2765
3403
7375
9254
4280
5810
1609
2952
5513
2314
9837
7324
1879
8502
1786
9201
2506
2943
3100
8337
210
8602
3734
1732
1907
3321
5338
5272
6689
689
4036
2897
8178
7066
2707
7549
6270
6623
8656
8739
932
3870
8371
8748
7324
2350
974
3174
7184
8914
5917
1836
6167
5306
8508
2900
617
2685
8896
6466
108
120
6344
3865
4020
5122
762
5431
1417
2819
7778
2595
3500
540
1963
9836
7080
6211
5166
8221
5627
2282
3441
5056
1738
1660
6508
3518
1134
8540
8298
2053
3676
4942
5769
5771
1300
3287
5887
1132
6266
6373
7427
799
5663
8781
5085
7683
9725
7906
8286
5948
2178
8558
6013
2005
588
2404
2034
381
3470
2395
1940
7764
8771
2760
4576
3475
5300
7152
5662
6168
4602
1088
630
4659
5891
9973
7080
5416
716
656
4608
501
7233
2757
1254
7503
6186
5770
1288
7371
2007
9377
8692
6950
2777
7302
4276
500
2266
9566
2119
8518
5701
4054
2775
2752
8495
5932
6496
3495
3769
2656
9667
8930
184
3039
1538
6604
6303
1192
6412
3942
1561
0
8497
8127
6709
4251
2776
5641
8597
536
5465
8292
5082
9598
1890
5656
5936
6934
7942
3509
4733
9157
3660
4051
4859
6852
3958
6520
18
9505
2019
6107
5945
4427
5465
5032
5344
9572
4043
2074
2535
9615
297
5908
7758
5742
1431
3190
3645
2226
1429
4477
7969
7047
7362
9807
7460
9579
2800
1044
7216
5656
4227
9924
9035
9244
3467
9167
9845
346
260
8973
8351
797
4332
2767
3989
3158
5563
4148
7335
3046
4213
1645
5223
1931
528
9127
7002
5673
4513
7475
595
3906
2191
7482
8335
6724
4234
4847
2890
8095
6485
5616
3040
9907
9618
4424
7534
6621
6939
8536
2815
8144
5148
7788
7010
7709
2807
4292
8256
2307
5177
6044
164
5534
2138
5388
1038
6594
7951
6753
6295
4618
7806
7998
5506
4498
6263
6262
6403
8967
6992
2308
8305
1794
1525
7003
6483
8658
7144
9792
7182
5509
481
1831
246
9046
3899
5752
2594
306
6352
9977
1147
315
9003
7945
8254
6240
8650
1668
6108
7547
8712
4604
9252
4316
8420
1014
5817
4011
5693
7689
8876
8813
8183
9198
8981
2876
9944
9678
7773
7802
8318
2573
426
5024
6708
4722
1577
5812
4158
2706
5416
3180
1928
7483
5640
5089
541
7967
5079
5040
8225
5477
8003
4395
3090
8704
325
593
6911
3241
4232
6780
7971
604
4134
1342
4055
9144
249
298
4388
3290
4600
1611
1098
8163
1810
8075
6572
3731
3612
4629
3031
6447
1741
6717
4524
6535
8557
8605
9643
5984
8572
4467
5268
5694
6922
465
7846
190
2710
3076
8878
4858
6193
7464
5584
3755
8772
9830
6021
5696
3908
9365
337
2545
5218
8674
6295
6425
5275
6368
7721
1896
4914
1881
9102
5073
8216
511
8207
4114
2761
6215
1325
4546
8236
700
2443
8501
9018
27
8561
9070
7983
4106
8207
9734
9450
229
9169
4082
8902
9086
4496
2904
5951
600
2891
4129
4844
7352
746
6053
3748
5362
8309
5862
34
5568
1704
3507
3837
4468
5882
5681
6260
9070
957
5854
1787
9561
5842
4108
6689
2916
8623
4857
6524
2033
2679
1454
6166
7946
1208
4143
5253
7138
507
1861
406
2062
4153
8985
3133
608
6031
5275
8940
9413
55
989
8843
6709
8407
9427
9211
2679
8091
6009
9676
9183
7731
6395
1695
6165
2640
6127
2287
9030
6422
817
8438
9879
1620
8984
7735
5567
261
9312
9883
7305
7537
319
1945
9707
8328
3206
7376
2058
6762
8014
5225
917
3624
9103
1230
1124
5043
8467
6974
1786
8598
4395
6733
4867
9757
8627
4214
6650
2375
7269
2982
6515
1911
9490
5065
3234
8910
3281
1922
6310
3400
9401
823
8734
7849
3079
7479
8016
7533
7957
2746
4301
2342
8332
7166
7987
3322
3851
2194
4366
575
5435
1043
9490
6565
2472
5263
9755
268
9078
5422
7463
3206
1572
5524
6030
7903
227
1188
1436
2998
5831
1026
1016
6945
5602
9131
6767
3965
3641
4173
7942
1804
8214
7157
6932
678
1918
5626
3159
6798
1041
6782
2029
1850
7278
5845
9869
1885
8399
8768
1214
5260
4378
423
1809
9402
2096
300
9252
511
4764
7831
3343
8590
1920
8585
9883
2625
2030
707
4909
7151
2550
8249
1204
2003
1614
4333
5248
1595
1445
2418
748
8727
6052
8421
4385
635
4792
9868
464
1738
9010
847
3791
8400
1077
3127
4301
5890
3915
4465
2678
6700
4351
4908
3575
2376
5497
628
1865
8123
1764
2759
7827
555
5081
5564
9172
4211
2434
4309
1356
1669
2925
8215
2779
5476
7220
8001
8141
7467
3451
704
1495
2510
1476
6684
324
9246
1661
5031
3387
9951
5350
3955
7967
5307
1582
2149
6711
7564
8698
5628
267
7346
49
2055
9589
5188
189
1225
938
8775
1648
6014
7387
814
2668
2848
2935
493
3136
4562
9219
3547
9342
1342
240
2109
8170
7418
7549
5715
7873
2112
6877
9119
5650
3931
7314
874
1934
5488
5882
9061
7503
5206
3521
6978
2303
9016
3397
2133
4238
1529
8769
6459
2073
1556
5601
4308
9071
1239
4636
7495
3033
1579
8660
3429
3963
9662
3370
3192
2809
4527
4402
1313
3372
9257
8847
7974
4819
6649
6910
7350
4055
4594
8216
2912
5617
5160
7723
1632
1731
8306
8208
4260
6706
7135
9843
8088
7926
6640
2518
1958
373
2010
3245
664
2821
5746
9241
7353
1633
5060
7091
8032
2433
2331
9781
1904
843
1766
6323
4848
930
4819
3189
1120
4056
5426
2858
65
1414
3642
2377
499
687
2905
4057
5304
994
1795
1147
2710
570
5912
3676
8800
8462
9297
3489
7800
4957
7670
2993
2919
5389
7681
9080
653
8549
7382
2299
5767
3978
3144
1447
2495
2116
7364
5459
9883
7472
9507
7720
5662
7784
221
2729
3543
1462
4594
1441
3430
1555
5972
9531
2663
6889
6181
2350
9128
133
1481
1376
3825
8080
6138
9621
1324
1625
7095
7633
1426
1634
3908
7467
4312
2183
7860
9345
4454
4472
2932
4579
5684
3171
9208
8772
910
1873
6188
1331
5227
5909
9490
869
376
8830
9446
1208
1911
3578
4240
9399
7736
519
3382
5393
8223
2352
9556
2856
3559
231
8195
1956
3606
6325
4473
7914
9164
5566
6841
3609
1261
3302
4724
586
6845
6221
5531
447
5069
1040
2756
7793
8302
9186
2616
6638
5888
5980
1398
4532
6753
9670
9506
2501
8993
9073
1051
4353
754
8579
9733
5918
6899
5742
2794
3316
228
9868
4815
9524
4351
9571
2286
151
7712
3579
8036
2627
4703
1779
1835
7795
331
2895
9791
9289
9486
1057
539
4011
501
6025
606
6530
5381
831
4863
1284
5878
6239
492
9093
5388
3528
4538
8688
1557
5883
5746
9706
3434
3910
1178
913
23
2675
6841
6306
4171
6050
9478
2164
6868
9129
3538
153
2240
1021
3392
5108
2786
8400
5845
1291
7743
4864
2165
7576
4841
2390
1970
288
7189
8907
3604
2215
2527
427
6882
7718
1672
7007
4475
6776
6626
9340
7632
5316
6528
6785
398
5250
1365
8241
4056
5255
9249
4426
137
2527
2887
3857
5988
6494
4890
5103
1657
7788
9542
4704
632
9641
744
3615
9834
4327
2006
4940
6208
4268
4530
2293
8203
5977
3732
1222
524
5143
2860
5751
9624
2870
4748
8372
5581
6299
9242
4548
3250
1690
4299
2177
1872
4402
3375
2340
7682
8141
358
157
8489
5368
5988
3585
2685
1811
6493
3602
7676
649
5994
1371
4365
6135
9114
6707
4963
2168
9206
7439
1165
8647
599
1128
8508
7315
377
8977
593
9221
6314
6779
3793
7975
2823
9245
9034
6485
6025
2180
2288
19
2381
1607
9553
5128
2720
188
5227
2205
4965
9041
5059
9265
4341
7432
6135
5940
9482
3699
6720
9574
6440
8259
8222
9847
353
3574
9997
4401
6259
6527
5290
5572
6405
5868
3206
7517
1255
1052
7281
3792
5401
9111
5963
7729
7560
3043
4101
1859
5940
8602
7418
8046
6398
6332
3850
7028
1013
2264
6638
4583
8965
3728
4089
1716
9956
6454
47
7906
2770
5309
7289
9734
8062
3820
3284
2014
4955
6983
4074
4936
5613
7760
7372
8648
605
124
414
6242
580
574
1585
7131
6533
5613
7380
5467
1767
4850
7882
2421
3583
8103
4609
6898
1632
181
4308
6585
2928
8826
1103
89
570
9771
7226
1388
4385
7763
9504
9788
6891
4002
4782
2177
7256
8497
2458
9462
9267
525
6473
5783
6693
1575
2233
7360
904
2969
6201
7606
1112
4686
7186
6558
7186
2804
8705
5599
8637
491
1250
2927
1061
1456
1743
1342
3117
5414
5038
7483
2925
2237
8917
898
2686
5221
9727
2045
4250
4149
513
642
6406
5701
7331
9670
6733
2150
2248
5773
6984
9275
3513
3782
1210
936
4304
1688
67
854
1565
2469
3092
1824
5525
926
3138
8757
8671
6868
3589
4794
178
866
9512
9022
8122
5107
8481
270
7132
9888
5437
3920
3576
5725
8679
7697
3871
2174
812
8000
4028
7039
9352
506
196
3868
6532
7479
596
1382
6863
9514
9014
5764
3962
1298
8785
5676
5288
9345
4097
238
4550
4678
2331
2271
6750
4933
7178
2614
96
8464
7279
6503
2364
7687
9294
9647
6661
121
7427
9912
3004
3377
3732
339
7653
4664
4752
573
1699
6323
476
6767
4081
6358
967
4471
1872
6943
4534
5127
2480
4522
8845
4386
8209
2247
3027
9681
3535
9224
4419
5208
9405
1334
8429
4816
6885
5222
3720
7154
4545
470
7821
2892
147
4944
166
806
7376
4811
577
8096
2632
3854
1240
442
5237
6348
9324
8972
6793
3990
5598
4580
1891
143
1596
4849
2887
4034
4225
5200
6030
3417
2031
3840
4885
6699
1783
9575
9699
4574
7527
2621
8104
6774
6782
1171
3410
1729
210
678
1609
5646
1701
8542
7191
2791
5619
4224
856
606
6698
3686
9334
1708
5976
7474
8608
9778
3046
3794
7102
7902
935
1476
4618
5974
4909
2840
6148
8502
682
3200
7102
5305
614
1956
7905
5421
8778
66
1486
8873
7035
49
6707
1852
4627
7624
4465
8345
3237
8584
896
5265
7938
562
3850
8754
1990
6997
4679
6459
90
9756
7240
4330
313
7675
9981
6752
9755
542
5005
5684
2658
1954
63
7870
2680
9919
5599
9174
2884
1063
9156
1613
8009
2864
3712
1762
3641
8490
4879
8863
6011
465
4254
7190
4303
2684
2680
7
4627
5067
7704
1794
1080
1561
4077
1344
4688
114
4805
772
5453
2742
2946
4547
6209
4904
1134
8229
9541
5985
6620
8751
627
6928
4541
6827
9556
6743
1048
7333
6377
7009
973
5345
973
2297
1781
3965
7682
4921
6685
4979
1534
4417
5039
4992
8942
5697
7350
7705
742
4985
5618
7730
9602
9302
7077
2513
6954
3528
889
6727
6891
8894
2836
7854
5727
8117
2659
2582
6301
5342
2312
1090
5533
3558
1136
373
2200
8207
5680
8295
9490
3342
7773
7280
3457
5887
4320
214
4223
4279
6233
1460
1460
114
1980
2700
9517
5278
3243
6753
419
2494
6385
2458
4859
4207
3590
286
2325
3302
1811
1399
1532
9282
6023
2548
1450
5204
5622
5449
1379
3937
9309
1999
5784
7125
4289
6110
5871
6603
208
8791
5272
5944
6886
5608
1616
9364
7622
4677
9250
6207
6584
8942
938
1917
9681
8652
7950
571
3137
8653
8660
9786
3013
432
5471
6161
1880
644
8726
8247
5968
6316
4083
4535
7241
1852
6790
5887
46
4508
2260
5460
1275
3116
7409
4264
6285
9473
1319
7189
227
3040
6973
2603
5881
7393
8044
8430
4634
1183
6002
8970
6775
7299
3192
9719
977
1394
6941
1878
489
4939
8239
4371
5378
8614
6096
8766
5947
8961
5280
1718
2372
4960
829
292
9559
1485
7438
7826
4229
3415
5659
1900
3308
7616
9680
1386
8878
9946
3391
6581
5108
995
2423
4970
6890
7366
9911
5303
8191
4930
2804
4361
577
6764
3782
4032
8775
1201
1002
1133
676
4822
4265
8801
3775
1094
1499
6193
8648
7837
3912
2769
2817
5746
1654
4466
5091
5774
4344
1716
1305
5357
2480
3438
7283
2162
6371
6916
3804
9351
9006
727
1347
8163
8061
6843
9504
2059
95
8396
7065
1627
6919
1642
4001
975
126
4205
5831
4454
4777
6820
4183
7180
7395
2473
4771
4089
6558
5096
5449
9988
6637
9781
2514
7465
6524
7868
3042
388
5540
3181
4641
8213
8157
216
1742
356
7646
1118
9310
464
6298
5925
673
7601
6510
9769
6073
5062
2668
1427
2500
7826
8504
9977
3378
6507
8429
156
8751
9055
4153
2488
2780
1448
9891
1218
5536
5125
378
1681
365
2048
6013
8850
6424
7880
8537
489
8380
43
8828
1605
1716
167
5642
1700
2603
9804
420
2697
5899
4182
8634
3349
3437
1244
2594
5475
7517
2258
4099
8372
1247
5869
7867
446
8225
9636
8316
1239
8948
1800
2907
2812
284
1325
5009
6755
7353
6098
8068
1953
4262
7585
683
8714
1274
5191
9140
6810
1175
5138
9949
8618
6911
6743
9950
3606
5859
3646
5693
7145
3511
8771
6954
4861
802
9550
1489
3561
4818
4343
9440
1132
2214
1826
6134
780
8319
2663
1490
9435
2577
6737
2686
6260
2795
9879
4320
4790
6443
1144
6896
1434
7183
5419
140
3835
8740
6452
2400
4864
6254
2186
1160
1948
7329
7760
2578
6823
1127
1431
9883
7840
4090
5282
1434
5501
5105
5616
9311
2037
1278
7616
8410
7515
7871
5101
4195
8229
2413
8921
4488
7939
3514
6963
6976
8895
9468
4583
9491
7529
433
6774
4526
9188
599
2436
2938
7362
3598
6653
4349
5487
5190
9107
3357
3557
2180
5423
1349
7597
5458
3557
3432
7295
8078
9177
8822
6012
6385
2383
861
7822
3317
3093
9781
8207
8230
3965
7313
8642
6863
7795
7268
394
8379
1012
374
9571
3826
6105
4771
3692
1794
3589
5849
9880
2591
8488
386
6151
1813
7188
314
195
7854
8017
859
4585
5568
2917
6299
3366
107
8179
4125
2649
765
9378
4985
6989
4538
9341
1507
4106
3103
8302
3790
2788
4893
2199
3171
2742
6068
8515
8743
539
280
9020
3002
2858
7379
5293
4013
6746
5438
6019
1512
6791
8830
4702
3482
746
7470
2662
7923
8417
8792
4959
1747
3462
4555
6241
5062
4066
9138
9417
4434
6476
4645
2529
3183
4804
834
8225
197
1631
4647
5837
1370
6532
4968
8232
9300
3855
3107
4293
7640
6831
8472
3223
6154
2398
1909
8661
1386
18
6283
9035
5692
8184
4973
5535
4283
4340
4222
641
5974
7469
4490
8202
8307
7768
9329
763
1897
4495
7678
1019
1978
1321
6920
2086
7385
8355
9583
5609
8484
1376
6128
7643
5967
1734
9921
9707
1793
4908
8180
6450
2099
1753
4475
1965
9410
4101
4164
3938
8125
5584
4057
8545
2892
9271
1558
9288
4261
6053
6534
9821
9769
1569
1263
4202
1486
4913
9935
8000
2994
9373
9406
206
9709
3984
7143
8994
6560
4853
672
4045
6113
6862
5178
4357
8412
9624
2418
3245
1052
6386
4581
1609
4292
943
1331
6403
1375
5559
6911
3770
8650
2411
6883
5289
3577
2122
850
1415
1246
5589
8343
8318
1642
9472
9937
3081
583
1514
4615
7468
6972
9120
7440
2344
7809
3533
8633
3221
287
2389
6351
2382
7198
5404
600
4575
7865
1543
5051
1343
1879
1126
6810
3732
7019
3038
1607
4349
5907
5420
3318
7491
8190
8102
2251
446
6341
6324
6217
9958
3530
8330
2023
5323
1437
3835
2773
3611
4372
6491
8085
3121
3609
1061
185
8306
2460
5245
8739
3156
8278
6801
1217
291
2327
8964
3622
9866
2244
1023
8474
5799
4693
6347
3115
6813
7716
7176
1564
6288
3289
4037
7457
8058
637
7780
3914
4902
9961
3924
8576
2726
4423
2239
8501
6218
5456
9329
151
1076
2768
8326
4239
3855
5775
7776
3900
2916
7626
1282
7301
3016
6452
532
2619
1662
1029
6979
4118
7518
9676
1623
2958
9867
1843
8086
5322
3410
1611
1515
3466
4554
1124
4684
2382
3715
9807
3153
5890
3154
2188
3285
1204
1396
3089
561
258
3375
4033
683
9440
95
8800
2696
6733
2838
9251
1603
6767
4726
4783
7739
9756
6771
51
1575
9902
6493
5987
5542
2493
4612
8542
8986
6598
9398
8079
8402
2075
8817
9893
2760
5388
7808
2936
2878
8660
1708
9511
4604
333
7163
3421
7827
3806
8676
7874
7263
2531
2378
7298
6369
6174
8558
9137
2746
2640
1029
2696
1977
5070
4514
2159
6942
1185
871
9982
1367
4824
1217
5081
9596
5892
3782
7441
9410
5526
6681
7076
1076
7820
682
642
3750
8112
9545
3420
9882
537
4511
7869
9308
4323
5138
2508
7341
9113
833
6498
5402
4539
6139
5945
8426
8165
8135
7720
641
8990
6152
5355
164
740
2389
9462
3318
358
7030
2028
1556
2267
2953
9926
7473
8282
3244
8055
1465
6357
9376
6594
7345
8758
9139
62
3420
1692
1184
8103
5389
3963
7393
9194
8775
1778
5206
8873
1559
496
9482
3473
2169
1799
7527
8855
4062
6541
1504
1168
5741
9352
9616
3296
4264
981
1142
6298
1028
8303
725
9905
950
9941
4129
9925
15
7530
1108
3286
1638
8795
994
3336
9254
8815
3138
9045
1129
128
7445
1780
3524
630
9900
2431
4
664
4187
9869
7965
7086
3318
8908
8252
2677
4497
2290
122
3799
6388
6536
1731
7874
391
5952
5867
4931
6601
2550
1651
4282
687
2208
5624
8165
107
9000
9777
9127
6792
278
9852
6864
8702
4868
4559
3219
4532
5507
5229
1189
4209
4510
5855
4855
2849
8604
5483
2416
7315
4829
8478
3744
2674
4466
3316
7215
444
6056
7237
7962
1813
1757
2363
1158
6727
3517
8673
9444
4149
6838
633
3203
9649
271
7194
6025
3997
8207
9384
5413
435
3008
5795
533
8915
77
3862
4674
2748
6082
4060
9938
6809
6207
4864
5664
6772
1061
8646
87
5635
7647
2566
6835
7252
1689
3936
3993
6537
506
6556
3661
2545
6627
3069
4232
3721
2389
8526
5913
4280
4864
2026
2416
6900
8633
6557
8220
9672
1184
1978
1275
4631
1970
2455
5670
1074
1564
7599
7346
9349
1754
6079
8716
9836
890
1512
4775
7435
1391
3095
4128
4031
7873
7597
3252
130
5089
5122
1277
2139
4552
8329
5566
3620
7576
3698
5477
7237
257
3860
2809
9105
2911
2018
2668
8774
2423
3030
7724
6175
1024
891
2186
1514
9141
8999
9206
5327
3112
7860
6873
3691
813
4716
3474
7914
9534
924
2305
8972
812
5889
9906
4380
6331
820
9368
9281
7522
1680
2054
4070
9000
8296
6966
8066
2634
5802
6851
2466
4667
5337
4099
6068
3096
3225
7508
4139
6276
1768
3078
4171
6588
174
8112
2263
4948
1203
8142
402
2903
7627
440
7990
9113
2762
6213
648
6132
998
5982
5529
1581
7521
9072
5164
5021
1214
8701
1223
8161
1132
8695
5437
1382
4857
6517
7470
3968
6551
16
8482
8959
3596
2034
4790
6053
3333
7877
8141
7608
5584
5522
7866
3488
2433
7408
5446
191
4015
5649
3878
8541
7957
9619
2630
2059
559
5981
3952
5060
9804
6436
7841
5510
3832
7755
1041
2723
3663
1959
145
4100
5637
1932
59
8264
7283
9187
6879
4203
145
6036
8594
7323
4487
3978
7917
3677
3712
3792
9010
3043
853
487
3944
51
5546
8066
5268
53
7530
4861
8282
3092
1903
118
280
4968
2115
6431
4347
9143
9004
675
2118
7037
8040
8158
3320
7113
2389
826
9904
5077
6431
616
9080
8511
2881
3261
2689
9313
6859
6230
9988
6389
1866
6842
7154
9281
5948
3066
9585
592
1087
38
2444
1398
5274
9901
768
9195
4637
1207
2964
2349
2506
6851
531
8500
3360
6246
2446
6928
2233
8300
4819
6494
4339
6625
5120
1448
5423
7401
5593
7128
684
3288
2299
6369
8955
3897
4642
5321
9301
4458
5203
4269
9174
9522
1247
5062
6841
7826
7346
1793
5916
7742
3245
5486
6534
160
2294
6713
5940
7095
3566
2324
1088
9814
5128
3730
7223
9885
6825
4595
9357
166
8429
5154
8051
483
3024
8927
6977
4483
6095
5088
7367
8
7949
6396
3651
5218
825
8263
5304
6626
2315
9255
2298
3263
3581
7140
5362
3242
4251
7444
7746
5140
5852
3417
2167
6832
2172
7263
5166
8662
8034
2589
1262
6179
7629
7085
950
57
9765
2664
9866
7265
194
7497
1227
8075
502
698
66
8085
8956
5756
5698
3064
1200
3263
8356
7130
7691
6930
7010
1554
379
9488
8004
2305
3294
6619
8340
9330
421
7801
3168
9545
9520
2629
4402
8513
2410
13
6206
2864
622
5497
3564
6660
329
8870
2150
123
1946
229
1266
8381
7950
7702
6751
1259
7064
4148
7449
2492
4224
3320
7080
8232
3499
8236
3176
201
5488
5768
6101
8456
1631
1844
4148
2345
5332
1084
5172
5964
3841
3153
1305
6175
5417
5692
923
7073
3468
282
1212
4710
3085
3565
5451
9795
5649
412
1427
4152
4073
9779
1281
8764
4610
6809
8536
7387
1155
6607
5029
9933
4490
6144
9065
4064
2027
775
6226
1793
3245
969
5948
270
2259
3019
244
2378
1724
4757
5765
3305
1635
3566
6757
3811
2483
9369
4425
9568
4704
9686
7702
8656
5394
7340
1506
6056
8847
3937
1170
4819
9638
3869
5941
8486
5706
4240
183
8270
4140
5885
8240
1556
4270
9412
7789
5336
1015
8088
6954
9337
6456
6304
2442
8827
9112
8331
9566
6319
8496
7152
82
4752
7200
7235
517
2109
3951
8306
1892
8876
8894
9424
1542
5293
6681
3934
9153
4888
3867
6251
2033
4471
4576
866
9160
8429
2437
2406
9616
6968
7385
3192
8627
3740
3086
1287
3630
8231
4449
7749
3542
2188
4994
6515
6710
7427
669
4138
6908
4426
141
9484
2177
7233
1522
5393
8321
455
2069
5311
7414
8345
451
7943
1825
4325
856
2090
5935
1700
4441
2000
990
2753
6376
818
3335
3928
6116
5994
2663
9410
4428
5884
4831
4029
3160
1207
3335
9127
2791
8494
4561
1804
8392
5221
4568
8784
6771
7930
9374
1022
6319
5321
6423
4148
6333
8011
2268
2855
4473
5492
347
4399
9361
8647
3201
7568
373
3125
5452
8617
8137
4864
7456
4994
7408
4084
4639
982
8596
8195
4253
6772
5486
7254
9502
3949
4439
7795
819
5891
4745
2212
5475
1147
660
1193
9588
1520
3174
6144
1153
4271
3572
7039
8750
9642
1433
8647
8226
712
6894
4745
8824
2502
718
5551
1000
1199
5968
8392
470
2378
1980
5386
6917
9198
4681
4794
1214
7671
7319
4634
2040
6325
2164
8097
1303
1835
6872
400
7944
541
8828
5795
1361
8150
7025
1620
8950
6383
3822
3551
7073
5847
8251
2460
1161
8981
8468
8702
8554
5586
3412
4026
7236
6129
2754
4831
4638
4806
9840
3017
3351
5160
4458
2288
4747
5946
1013
8461
7284
3896
2954
2045
3560
3051
6146
165
9086
7408
2298
2772
6165
4764
8524
4999
8270
4865
638
3499
3897
4215
5896
9672
3964
3226
5542
6775
3547
8823
8744
1109
6977
7014
7292
9681
5145
5503
4753
8075
5229
5966
4732
2593
6016
9296
299
174
6473
4773
731
8077
1294
5931
2278
2856
4778
1706
6831
4791
3591
1321
6098
9568
9690
5366
9160
3793
7031
3502
8148
4676
9548
1317
165
7115
3320
5027
3568
3303
2871
2862
3248
1009
70
6321
2643
6691
4284
2729
9874
8730
4057
3001
1634
4255
3911
4904
1207
248
4615
2672
6377
5928
1694
8391
8871
8772
4863
9208
9460
952
575
7143
1877
6463
954
5025
4300
1740
4985
2926
9309
4224
2046
4348
1952
3938
3599
371
826
2950
6191
2995
8947
6328
7779
5982
9555
6112
9831
2662
7011
6701
9676
5339
4449
6077
1108
245
7951
2329
6416
5278
1670
9020
9665
5183
9554
6177
9325
278
7081
5838
8157
339
810
2480
9638
4844
4402
8926
3147
4434
7280
7822
4638
6112
6115
7218
5591
6528
9920
6352
658
3461
6680
4357
3606
5567
3205
258
1917
4369
129
7391
2720
497
850
9152
6605
8287
6622
5869
1294
8954
9953
4479
4187
2781
5019
3727
1309
5045
6895
7595
360
8692
1050
8840
7227
9214
796
2641
8600
3592
3144
7627
8101
5717
2868
7848
9771
5273
505
4591
649
5696
2464
1410
3709
9544
473
9176
3475
6379
3164
544
9252
9077
4781
4822
5133
9397
4703
4891
1641
2575
6743
7610
1239
3737
9071
7867
8761
6010
3962
4366
8312
1333
1598
2119
138
198
3628
2617
4555
5805
348
7703
5167
1451
9963
7275
251
7354
9648
4124
9490
4589
5907
1445
2996
9316
6055
9869
994
50
3584
1213
5438
4398
7605
5567
9349
9360
650
6836
5734
1076
9642
9405
5554
5730
2069
5175
3418
3199
3064
5942
422
9027
9404
784
5865
8270
3295
1940
3456
6882
2179
5528
3061
2438
814
5358
6053
6187
8393
9105
864
2704
6546
6130
5501
1752
3759
5369
5454
9332
7952
9876
8682
1368
1719
1831
4172
4001
4129
8158
6963
9030
8830
2208
434
1679
741
1432
6190
597
2576
4430
2921
6741
8105
3317
8247
8626
1176
8961
1747
6341
8245
7321
3125
5649
7471
4836
6782
6537
9242
9652
2933
7649
1442
3280
5848
9178
7702
4252
1815
1993
8450
1308
2960
69
2646
8680
8203
6576
2745
183
9328
1417
6669
1980
8359
9439
8338
6104
2304
4057
2660
8173
2650
619
1787
3026
9972
7483
6922
1496
8501
477
3979
9978
1570
8178
2011
2021
6469
1286
475
7775
6457
9257
5105
2801
8390
1308
2486
2495
6797
6931
226
2155
9034
3140
3055
5613
1676
1794
5150
7242
5223
576
5508
3170
2830
5449
6295
7548
8852
748
3751
8860
4698
5475
7446
9418
2763
794
6487
8423
3972
4249
597
5280
907
830
9906
5216
6364
9617
9768
3663
6753
7461
5941
9358
764
7939
1084
8682
6381
4605
5641
5323
3504
2511
4964
89
5202
881
9744
5362
7903
2857
8721
7541
9760
5322
1014
8648
6805
2924
402
5211
8556
5669
5414
8516
8293
8666
7187
5380
8327
6000
1689
2686
7292
8035
4169
2134
4756
2962
1417
3845
8226
8888
1829
8809
9025
2354
4117
485
6460
2814
3035
5311
4177
319
4468
365
8695
5387
2877
3944
7721
5918
1217
1487
5025
5860
7169
4878
9443
4317
9846
7969
7847
1796
7919
4897
5837
2369
3569
694
5316
6666
6617
5549
5137
841
9720
5124
9556
887
8627
9338
9371
35
1120
1154
2295
9347
4534
5090
2386
8076
4474
2393
3146
890
6745
6123
5303
3611
385
4761
8213
7799
2177
7359
3327
7188
2044
6770
9228
5757
4340
0
377
8061
2170
6385
5899
7315
654
4919
464
5698
270
1844
6684
4366
3299
8376
7273
7720
4792
6315
5675
7634
4433
6216
5897
8562
7239
8780
5780
3680
9094
5161
3153
5588
7812
6024
919
2449
1605
2337
5446
1934
4655
3116
2407
841
3801
6678
5603
7825
1276
2258
7240
347
5907
8324
2648
4634
9203
2390
8460
9216
3374
4652
941
8434
5461
4437
307
2206
5504
4076
7641
2304
6926
9574
3349
3386
4183
1253
9926
9144
6133
389
7291
29
3530
9805
5930
9263
5610
7343
1642
8081
3806
1226
5831
9489
305
5390
6959
2227
5378
1071
2037
3062
177
8154
1841
6059
1077
6085
9917
2077
7516
9535
3384
347
7760
8389
3030
6720
6082
5145
1288
9932
399
5370
9276
8061
1602
8425
8300
2242
4518
6395
6942
3672
5725
8865
2211
2937
5302
9989
2064
7802
7987
2174
7081
6696
4190
7602
1065
402
2862
4811
3897
3652
6276
2616
5113
1724
1476
7738
3360
4480
4344
5701
5132
1775
34
6794
5996
9654
7847
171
8930
6372
9559
9563
7277
865
7659
3459
4377
4061
3991
1122
7966
5130
9916
3360
5076
658
6220
3555
2358
4576
4768
162
7486
661
4137
6605
9640
7427
8359
8295
927
7308
1254
9366
6033
8189
8863
3649
4422
5520
8976
5376
7940
7547
9883
5175
6820
4500
94
6009
8779
4979
7050
1907
9137
9241
5563
9541
4705
9595
6132
9046
579
2699
9144
5782
6904
7209
3469
9230
2167
2894
6971
8639
671
4158
2068
7624
4431
1689
1622
1520
3955
863
9166
1965
8108
4515
2758
2929
570
649
3590
1194
9292
2794
8905
2167
5769
1831
3725
8811
2978
3311
7445
7496
4370
3575
9425
9576
1450
1307
2391
1665
4145
8532
3663
702
6457
6545
2007
2176
9643
7768
2272
1161
6619
4099
861
6167
4162
5985
2570
5248
4015
4133
3359
2304
65
7550
4203
9021
6386
7432
8352
4564
117
6329
8024
760
3919
5924
6865
5278
5059
4849
1324
9083
2032
9971
7538
7341
5104
780
247
4832
4125
6679
6839
7947
5553
1258
2690
5382
738
5979
3617
8748
9224
8045
7530
2500
4051
3748
72
9817
890
9042
8481
7375
9183
3718
3710
7290
1428
4166
3412
8973
6235
2439
7350
7081
1857
6084
2439
4332
9509
4044
6760
9543
9988
8827
617
1934
2871
4085
7986
2465
4851
9784
3553
1795
2680
4191
8948
2283
6613
3089
6749
8400
2240
1803
2368
5894
2181
4900
2013
5107
4223
1756
9611
7943
9180
3586
6743
1173
4
8950
7498
985
3499
330
4414
5012
7347
3880
2668
8384
8114
8151
7079
9840
402
5276
556
2351
3365
9851
3219
322
8447
6617
8559
1989
1394
7904
6746
1361
2319
5770
5461
8734
9943
1788
5486
2663
9994
9511
1683
9079
3191
769
9971
5213
5239
7200
7440
6951
9838
2641
5843
8282
5804
351
8353
644
1137
1446
5704
8116
81
7357
613
1665
4050
9651
8728
1927
3688
5141
249
5401
7237
2829
8855
3321
9918
1977
3576
5975
78
7313
4885
7801
493
8247
8392
170
7401
3863
8299
9471
5582
4380
8000
7826
5144
2832
7118
2581
4516
7754
2613
8564
4615
8850
6630
4036
1147
2786
5231
7240
5561
5530
300
5512
307
1007
1535
3009
746
3203
6678
6310
4295
336
5901
9367
7219
5194
644
569
853
5356
8066
5080
1978
639
9781
4990
6569
2807
7551
8354
2221
4365
9229
5687
2148
9091
5392
9154
2880
6822
815
5311
8507
9018
5251
7038
6637
9586
4787
4067
5135
7572
8486
4393
4108
4449
4984
766
4654
8939
240
7460
4402
6579
741
2546
46
9562
6123
31
8740
4785
1368
4383
3468
4486
1564
7193
2338
4377
1510
2043
8117
8741
8394
9003
2242
637
8223
4585
7092
8022
5730
6496
1316
3403
3064
5072
5680
5433
4742
4873
1071
5781
5046
607
6030
3542
9359
1289
8543
2485
2742
5326
5651
3511
7495
7096
4903
5825
6395
2496
3684
5560
9856
6942
5993
9827
3325
4331
1388
7512
5912
9597
7504
5527
2467
673
5792
693
9082
7892
9959
2915
6365
169
7945
4935
5733
7666
1227
7554
1429
68
9735
6936
5032
8075
6743
2379
9782
3278
5693
8747
9243
8182
141
7681
8520
3824
8740
5632
6530
7178
9484
4789
4702
4313
1337
5069
837
8146
6799
1447
6892
1575
5950
1139
5921
7718
1106
9408
6567
9081
1312
1073
3096
6546
7631
7243
5226
7290
3393
3197
4777
7933
8413
3879
5499
5550
2557
8062
8371
4533
1978
861
7099
1690
822
6981
7610
5495
2307
3868
917
7926
5681
4756
875
8923
9752
6470
7102
4232
9442
5853
8594
7053
9142
1644
5418
2793
5501
5760
4281
4017
2731
9053
8730
9671
5525
1816
6287
8581
8214
8605
2912
2337
3971
242
9830
6740
4490
3280
9017
4180
8895
8653
1376
1555
376
6758
6017
9632
491
5795
9945
105
3959
3831
4937
6052
1310
2767
2411
9953
2793
4132
7710
992
4600
2499
2355
9992
7620
2162
6559
5969
9718
6716
4565
3067
4829
9147
2239
405
6049
2181
9724
250
5330
4717
1958
1834
9396
441
6386
9145
60
8921
287
1031
7259
7863
9788
1120
4785
7585
8891
3185
1978
5193
9572
4840
9432
6523
3399
8763
3162
8414
1005
5978
9608
2602
8224
171
3360
5152
6739
5498
538
2178
2668
2876
3423
3388
8706
1392
6078
9902
4119
2100
6488
1741
2206
1244
8039
3410
6670
8728
2047
3066
6757
5513
3484
1906
5977
561
4033
5640
787
3912
212
9134
3669
7544
9370
8686
9729
9772
3119
3764
7146
2111
5945
1490
9590
9772
6631
2688
3068
8263
1426
7877
574
8907
903
5237
5375
5536
6891
295
7818
3098
1984
8822
1129
6461
1704
277
8814
4305
8638
9025
37
8681
8577
4519
9591
5541
1020
9618
5940
5336
285
8356
4228
5665
8899
546
1105
9851
1949
875
4760
6331
9629
4365
6648
3775
5363
8431
1058
5987
8555
4150
4883
8781
4282
5820
2743
8296
7056
8377
1947
6481
2146
6874
7714
4871
5922
789
1499
2176
6150
8727
4356
4701
4248
5755
2823
1175
4144
6518
6994
5148
6556
2125
9156
8824
3274
7774
6667
1909
3331
1094
4557
7867
1835
8259
1803
7818
2668
6084
139
9278
8262
3509
5840
2864
3225
5139
2986
5199
3719
2850
1390
324
1180
8861
3576
5108
7222
5122
3000
6385
6385
9380
24
8858
4749
7894
3086
3132
5410
8366
9970
2720
6268
4409
8105
7296
1680
4600
3437
7055
7150
5028
4550
9639
5392
4110
2469
6754
2896
2430
6816
2359
8407
8362
5879
8081
8621
2310
1528
4400
1827
8549
9915
8044
7258
3866
5386
7044
6428
6444
8183
4930
2911
6790
6112
4676
8668
4864
6630
1149
8306
4065
8550
8102
7449
3219
1914
1991
7791
2286
513
298
9336
6185
3981
6462
9825
3792
5425
6977
2429
5979
6173
8810
5400
7352
1342
6858
1573
1269
8683
1879
1348
6665
8420
9021
121
8209
3669
5929
9974
8439
9394
7216
5921
1617
2874
9046
8954
4293
149
3540
1746
6800
1037
7787
7962
3257
9943
6326
2841
5035
943
9174
946
4108
3356
9660
6801
8210
8421
7694
5522
9324
8543
4388
3461
644
8110
3419
3416
4888
8845
3005
5000
8573
3316
9880
8402
2719
7343
3312
8956
336
5778
2844
691
4982
6419
8206
9343
2747
3664
3606
9199
2027
6898
1513
3564
1672
8624
2940
5660
8228
3830
2222
5325
7315
5207
4349
7007
2473
8501
2017
6232
7226
8469
7723
4988
2561
8728
3487
1275
2527
8102
7065
4444
5264
2012
8891
5895
5378
9885
8399
4207
6323
8628
1872
4823
8184
7792
6505
7060
7114
4203
6992
5391
7546
2574
1602
7697
7267
3879
4474
509
8475
5132
9621
137
4974
2604
40
9005
6867
5502
2200
8541
9255
8642
2218
3518
753
777
5028
7859
947
9862
2008
8647
3327
7785
5673
3274
1650
4876
2286
4547
3262
8829
4539
9874
2413
3605
6831
3663
327
1340
5058
6503
6406
4330
1359
812
6801
4732
1780
235
2333
6814
1440
9282
7704
292
7469
418
7852
3549
4689
8180
5343
2437
2859
3726
4757
3708
7111
8687
6190
2132
5182
4182
172
6877
5981
9440
591
5818
4121
4569
530
6123
4140
3729
8322
5645
6299
8206
7580
2480
3101
3700
5487
9350
1962
2512
