998
998
998
998
996
993
992
990
990
989
986
986
985
985
985
985
985
985
984
983
983
983
982
982
981
980
980
979
978
978
976
972
972
971
969
969
968
968
967
965
963
963
963
963
961
961
961
960
960
959
958
956
955
953
952
952
950
950
948
947
947
946
943
941
940
940
939
939
937
936
936
934
933
931
931
930
929
929
929
928
927
927
926
925
923
922
920
920
920
919
918
917
914
914
913
912
909
909
908
907
906
906
904
904
903
902
901
900
899
898
897
897
895
895
891
890
890
888
887
885
885
885
884
883
882
881
880
880
879
879
878
878
878
876
876
875
874
873
871
870
870
868
868
867
865
865
864
863
863
862
861
861
859
859
858
857
856
856
854
853
851
850
849
848
848
848
847
846
845
845
844
844
843
842
842
841
839
837
834
834
834
833
833
830
830
829
829
828
828
826
825
824
824
824
824
823
822
817
815
814
813
813
812
811
810
809
809
808
807
806
802
798
798
798
796
795
794
793
792
792
792
791
791
790
790
789
789
787
786
785
784
783
783
783
781
780
780
779
776
776
776
774
773
772
771
770
769
769
768
768
767
763
762
761
760
759
758
756
756
756
756
755
755
755
754
754
753
753
751
750
748
745
743
742
741
740
740
738
737
735
734
733
732
732
727
726
725
725
722
722
720
719
719
718
717
714
714
710
709
708
707
707
705
705
704
703
702
699
697
695
695
694
693
692
690
690
690
689
689
687
687
686
686
684
683
683
681
676
676
675
671
671
671
666
666
663
660
660
659
658
658
658
658
657
657
656
656
656
652
651
650
650
649
648
647
646
644
643
642
640
638
637
636
636
635
635
635
635
634
634
631
631
631
631
630
629
629
628
628
626
626
626
625
625
623
623
622
619
618
618
617
616
616
614
613
613
612
610
609
609
608
606
606
606
606
605
605
605
603
603
601
601
601
601
600
598
596
593
592
591
590
589
588
587
585
583
581
579
577
576
574
574
574
572
572
571
570
570
568
568
567
565
565
562
562
561
559
556
553
552
550
548
547
546
546
545
544
543
543
541
540
540
540
539
538
535
535
535
534
533
533
531
529
528
526
526
526
525
525
524
523
521
519
519
518
517
515
514
513
511
511
510
509
508
508
508
507
507
507
507
507
504
504
504
502
501
501
499
498
497
495
493
493
492
492
491
491
489
488
488
487
487
486
486
485
484
483
481
481
481
480
480
480
479
479
479
478
477
475
473
471
470
470
468
468
467
467
467
466
466
466
466
465
465
465
463
463
462
462
462
461
459
459
459
458
453
453
452
451
450
448
447
447
446
446
443
443
440
440
439
437
437
437
436
436
434
434
434
433
433
432
429
429
428
428
428
427
427
425
424
421
420
419
418
417
414
414
414
414
413
412
411
411
408
407
407
406
404
402
401
400
397
395
395
393
393
393
392
392
385
382
381
379
378
377
372
372
371
371
370
369
366
366
366
366
365
363
362
361
361
361
361
361
360
359
359
359
359
358
358
357
356
356
356
356
354
353
353
351
347
346
345
344
343
343
343
342
341
341
337
335
335
333
333
333
331
331
329
328
328
328
326
326
325
324
323
322
322
321
320
319
318
317
316
315
313
311
309
301
301
300
295
291
290
290
289
288
286
286
285
285
284
282
282
280
280
279
278
277
276
276
275
275
274
274
272
271
271
270
269
269
267
264
262
261
258
257
257
256
256
256
256
256
255
255
255
253
251
251
244
244
243
242
241
241
239
239
237
237
237
237
236
233
232
232
231
231
229
229
227
227
226
223
223
223
220
220
219
219
217
215
214
214
213
213
212
211
209
208
205
204
203
203
202
202
201
201
196
196
195
194
194
191
188
187
186
185
184
182
181
180
176
175
174
173
172
170
170
170
168
166
165
165
165
162
161
159
158
155
155
153
152
152
152
152
151
151
149
148
148
147
146
145
145
144
144
143
142
141
140
139
137
132
130
130
129
129
128
128
128
127
125
125
124
123
123
121
118
118
118
117
117
116
115
114
113
112
111
110
109
109
109
108
106
106
105
104
100
99
99
98
98
98
98
96
94
94
94
93
92
92
91
91
91
90
88
87
87
85
84
84
83
81
76
76
74
73
71
71
70
69
69
67
67
66
66
65
64
63
63
62
62
61
59
58
57
56
55
54
54
52
52
51
49
49
49
48
46
45
44
43
41
41
40
38
37
37
35
33
30
26
24
24
23
21
19
17
16
16
15
14
12
12
10
9
9
7
6
5
5
4
4
3
3
2
2
1
0
0
0
