9998
9997
9997
9994
9994
9994
9992
9992
9989
9989
9988
9988
9988
9982
9982
9981
9980
9978
9978
9977
9977
9974
9974
9973
9972
9971
9971
9970
9967
9967
9966
9966
9964
9963
9961
9960
9959
9959
9958
9958
9956
9953
9953
9953
9952
9951
9951
9950
9949
9949
9946
9945
9945
9944
9944
9943
9943
9941
9940
9939
9938
9938
9937
9937
9935
9933
9932
9931
9929
9926
9926
9926
9925
9924
9921
9921
9920
9919
9919
9918
9918
9917
9916
9915
9915
9912
9911
9911
9909
9908
9908
9907
9906
9906
9905
9904
9902
9902
9901
9901
9900
9899
9898
9893
9892
9891
9891
9889
9888
9885
9885
9885
9883
9883
9883
9883
9883
9882
9880
9880
9879
9879
9878
9877
9876
9875
9874
9874
9872
9869
9869
9869
9868
9868
9868
9867
9867
9867
9866
9866
9863
9862
9856
9852
9851
9851
9849
9848
9847
9846
9846
9845
9845
9843
9842
9840
9840
9839
9838
9837
9836
9836
9835
9834
9833
9831
9831
9830
9830
9827
9825
9825
9821
9821
9819
9819
9819
9818
9817
9816
9814
9814
9813
9813
9809
9807
9807
9806
9805
9804
9804
9804
9802
9799
9799
9797
9795
9795
9793
9792
9791
9791
9790
9788
9788
9788
9787
9787
9786
9786
9784
9783
9783
9782
9781
9781
9781
9781
9779
9778
9778
9778
9778
9777
9777
9772
9772
9772
9771
9771
9771
9769
9769
9768
9767
9767
9767
9765
9764
9764
9760
9759
9757
9756
9756
9755
9755
9752
9752
9751
9750
9747
9747
9744
9743
9743
9743
9742
9739
9735
9735
9734
9734
9733
9731
9729
9727
9725
9724
9724
9722
9721
9720
9720
9719
9718
9714
9713
9712
9711
9709
9707
9707
9706
9705
9704
9699
9699
9699
9698
9692
9690
9686
9681
9681
9681
9681
9680
9679
9678
9678
9676
9676
9676
9676
9676
9674
9674
9672
9672
9671
9671
9671
9670
9670
9667
9667
9667
9666
9665
9662
9662
9662
9661
9660
9660
9657
9656
9654
9652
9651
9649
9648
9648
9647
9646
9643
9643
9643
9642
9642
9641
9640
9640
9639
9638
9638
9636
9636
9636
9632
9629
9628
9624
9624
9624
9621
9621
9620
9620
9619
9619
9618
9618
9617
9616
9616
9615
9615
9612
9611
9608
9607
9607
9605
9603
9602
9601
9598
9597
9597
9596
9595
9593
9591
9590
9589
9589
9589
9588
9587
9586
9586
9586
9585
9583
9582
9579
9579
9578
9578
9577
9576
9575
9574
9574
9573
9572
9572
9572
9571
9571
9568
9568
9566
9566
9565
9565
9563
9562
9562
9562
9561
9559
9559
9559
9558
9557
9556
9556
9556
9556
9555
9555
9554
9553
9551
9550
9548
9548
9545
9545
9544
9543
9542
9542
9541
9541
9536
9535
9534
9531
9531
9531
9529
9528
9524
9523
9522
9521
9520
9517
9516
9514
9512
9511
9511
9510
9509
9509
9507
9506
9506
9505
9504
9504
9504
9504
9502
9501
9500
9500
9498
9493
9493
9492
9491
9491
9490
9490
9490
9490
9490
9489
9488
9486
9484
9484
9483
9482
9482
9482
9480
9480
9478
9477
9476
9476
9475
9475
9473
9473
9472
9472
9471
9468
9466
9465
9465
9462
9462
9460
9460
9460
9459
9456
9455
9454
9454
9453
9451
9450
9448
9447
9447
9446
9444
9443
9442
9440
9440
9440
9439
9439
9437
9436
9435
9432
9432
9430
9429
9428
9427
9427
9425
9425
9424
9421
9420
9418
9417
9413
9413
9413
9412
9410
9410
9410
9409
9409
9408
9407
9406
9405
9405
9404
9402
9402
9401
9399
9399
9398
9397
9396
9395
9394
9391
9387
9385
9384
9381
9380
9379
9378
9377
9377
9377
9376
9376
9374
9373
9371
9370
9369
9369
9368
9367
9366
9365
9365
9364
9361
9360
9359
9358
9358
9357
9357
9352
9352
9352
9352
9351
9350
9349
9349
9349
9347
9345
9345
9343
9343
9342
9341
9340
9339
9338
9337
9336
9334
9334
9332
9330
9329
9329
9328
9327
9326
9325
9324
9324
9323
9321
9320
9319
9319
9316
9315
9315
9314
9314
9313
9312
9312
9311
9311
9310
9309
9309
9308
9306
9306
9306
9302
9301
9300
9300
9299
9297
9297
9296
9296
9296
9294
9292
9292
9289
9288
9288
9287
9286
9282
9282
9281
9281
9281
9281
9280
9278
9276
9276
9275
9275
9275
9273
9273
9271
9268
9267
9265
9263
9262
9261
9258
9257
9257
9256
9255
9255
9254
9254
9252
9252
9252
9252
9251
9251
9250
9249
9249
9249
9247
9246
9246
9245
9245
9245
9244
9244
9243
9242
9242
9241
9241
9240
9239
9238
9234
9233
9232
9231
9230
9229
9229
9229
9228
9226
9225
9225
9224
9224
9224
9221
9221
9219
9218
9216
9215
9214
9214
9211
9211
9211
9209
9208
9208
9206
9206
9206
9204
9203
9203
9201
9199
9198
9198
9195
9194
9192
9188
9187
9186
9186
9185
9183
9183
9183
9182
9181
9181
9180
9180
9179
9179
9178
9178
9177
9177
9176
9174
9174
9174
9172
9172
9170
9169
9167
9167
9167
9166
9164
9160
9160
9159
9158
9158
9157
9157
9157
9156
9156
9154
9153
9152
9147
9147
9146
9145
9144
9144
9144
9144
9143
9142
9142
9141
9141
9140
9140
9139
9138
9137
9137
9134
9134
9132
9132
9132
9131
9129
9128
9128
9127
9127
9127
9127
9126
9123
9120
9119
9118
9115
9114
9113
9113
9112
9112
9111
9109
9107
9105
9105
9104
9103
9102
9101
9099
9094
9094
9093
9093
9093
9091
9089
9088
9087
9086
9086
9084
9083
9082
9081
9080
9080
9080
9079
9078
9078
9077
9077
9076
9073
9072
9071
9071
9070
9070
9070
9069
9067
9065
9064
9063
9063
9062
9061
9061
9061
9060
9060
9055
9055
9053
9053
9048
9046
9046
9046
9045
9044
9042
9041
9040
9037
9037
9037
9035
9035
9035
9034
9034
9033
9033
9030
9030
9029
9027
9025
9025
9022
9021
9021
9020
9020
9018
9018
9018
9018
9017
9016
9016
9016
9016
9015
9014
9011
9010
9010
9008
9007
9006
9006
9005
9004
9004
9003
9003
9002
9000
9000
8999
8997
8996
8994
8993
8991
8991
8990
8989
8988
8986
8985
8984
8984
8984
8981
8981
8978
8977
8976
8973
8973
8972
8972
8972
8970
8968
8967
8965
8964
8964
8961
8961
8960
8959
8959
8959
8956
8956
8956
8955
8954
8954
8953
8951
8950
8950
8948
8948
8948
8947
8942
8942
8940
8939
8939
8937
8935
8931
8930
8930
8928
8928
8927
8926
8925
8923
8921
8921
8919
8917
8915
8914
8913
8912
8912
8910
8908
8908
8907
8907
8905
8905
8902
8902
8899
8898
8897
8896
8895
8895
8895
8895
8894
8894
8892
8891
8891
8890
8889
8889
8888
8884
8883
8881
8881
8878
8878
8877
8876
8876
8876
8876
8874
8873
8873
8872
8871
8871
8870
8870
8870
8866
8865
8865
8865
8863
8863
8861
8860
8860
8859
8858
8858
8855
8855
8852
8850
8850
8849
8847
8847
8845
8845
8845
8843
8841
8840
8836
8835
8833
8833
8832
8831
8830
8830
8830
8830
8829
8828
8828
8827
8827
8826
8824
8824
8824
8823
8822
8822
8817
8815
8814
8813
8813
8813
8811
8811
8810
8810
8809
8804
8803
8801
8800
8800
8799
8798
8795
8793
8792
8792
8791
8785
8784
8783
8782
8782
8782
8781
8781
8781
8780
8779
8778
8776
8775
8775
8775
8774
8772
8772
8772
8771
8771
8769
8769
8768
8766
8766
8764
8764
8763
8761
8759
8758
8758
8757
8754
8752
8752
8751
8751
8750
8748
8748
8748
8747
8746
8744
8744
8744
8744
8743
8743
8741
8740
8740
8740
8740
8739
8739
8739
8734
8734
8733
8730
8730
8728
8728
8728
8727
8727
8727
8727
8726
8721
8718
8718
8718
8716
8715
8715
8714
8712
8711
8710
8708
8706
8706
8705
8704
8703
8702
8702
8702
8701
8698
8697
8697
8697
8695
8695
8694
8692
8692
8688
8688
8687
8686
8683
8682
8682
8682
8681
8680
8679
8678
8676
8676
8675
8674
8673
8673
8671
8669
8669
8668
8668
8666
8665
8664
8662
8662
8661
8661
8660
8660
8660
8660
8659
8658
8658
8656
8656
8656
8653
8653
8652
8651
8650
8650
8649
8648
8648
8648
8648
8647
8647
8647
8647
8646
8646
8645
8645
8642
8642
8641
8639
8638
8637
8637
8637
8634
8634
8633
8633
8632
8628
8627
8627
8627
8626
8625
8624
8624
8624
8623
8621
8618
8618
8617
8617
8617
8616
8614
8613
8613
8608
8605
8605
8604
8603
8603
8602
8602
8600
8598
8598
8598
8597
8597
8596
8596
8595
8594
8594
8592
8590
8586
8585
8584
8583
8583
8581
8580
8579
8577
8576
8575
8575
8573
8572
8571
8569
8568
8565
8565
8565
8564
8563
8562
8562
8562
8562
8561
8561
8561
8559
8558
8558
8558
8557
8556
8556
8555
8554
8554
8553
8551
8550
8550
8550
8550
8549
8549
8546
8545
8543
8543
8542
8542
8541
8541
8541
8540
8540
8539
8538
8537
8537
8536
8536
8535
8532
8531
8530
8526
8526
8524
8523
8523
8522
8521
8520
8518
8518
8518
8516
8515
8513
8513
8511
8509
8508
8508
8508
8507
8507
8505
8504
8504
8502
8502
8502
8501
8501
8501
8501
8500
8500
8497
8497
8496
8495
8495
8494
8492
8490
8490
8489
8488
8486
8486
8486
8486
8485
8485
8484
8484
8482
8481
8481
8479
8478
8478
8478
8475
8474
8474
8472
8469
8468
8467
8466
8466
8464
8464
8462
8462
8461
8460
8459
8458
8456
8456
8454
8454
8450
8449
8447
8447
8447
8441
8441
8440
8439
8439
8439
8438
8436
8436
8434
8431
8431
8431
8430
8430
8429
8429
8429
8429
8428
8427
8426
8425
8423
8423
8421
8421
8421
8420
8420
8417
8414
8413
8412
8411
8411
8411
8410
8408
8407
8407
8402
8402
8402
8400
8400
8400
8399
8399
8399
8398
8396
8396
8394
8394
8393
8393
8392
8392
8392
8392
8391
8390
8389
8389
8386
8384
8381
8380
8380
8379
8378
8377
8376
8375
8375
8373
8372
8372
8372
8372
8371
8371
8366
8365
8365
8362
8362
8362
8361
8359
8359
8357
8356
8356
8355
8355
8354
8353
8353
8352
8351
8349
8345
8345
8345
8345
8343
8343
8343
8342
8342
8341
8340
8338
8338
8338
8337
8336
8336
8335
8335
8332
8332
8332
8331
8330
8329
8329
8328
8328
8327
8326
8325
8324
8322
8321
8319
8318
8318
8316
8316
8312
8310
8309
8308
8307
8306
8306
8306
8306
8306
8305
8305
8304
8303
8302
8302
8300
8300
8300
8299
8298
8297
8297
8296
8296
8296
8295
8295
8295
8295
8294
8294
8293
8293
8292
8292
8290
8287
8286
8285
8284
8282
8282
8282
8278
8278
8277
8276
8273
8271
8270
8270
8270
8269
8266
8264
8264
8264
8263
8263
8262
8260
8260
8259
8259
8259
8256
8256
8254
8254
8254
8252
8251
8251
8251
8249
8249
8247
8247
8247
8247
8246
8246
8246
8245
8245
8244
8241
8240
8239
8236
8236
8236
8236
8236
8235
8232
8232
8231
8230
8229
8229
8228
8227
8226
8226
8225
8225
8225
8225
8224
8223
8223
8223
8223
8222
8221
8220
8220
8219
8219
8216
8216
8215
8215
8214
8214
8213
8213
8210
8209
8209
8208
8208
8207
8207
8207
8207
8207
8207
8206
8206
8205
8205
8203
8203
8202
8202
8202
8201
8199
8198
8197
8196
8195
8195
8195
8191
8191
8190
8189
8187
8185
8184
8184
8183
8183
8183
8183
8182
8182
8182
8180
8180
8179
8178
8178
8176
8175
8174
8173
8173
8172
8172
8172
8172
8171
8170
8170
8167
8165
8165
8163
8163
8163
8161
8158
8158
8158
8158
8157
8157
8157
8154
8151
8150
8148
8146
8145
8144
8142
8141
8141
8141
8141
8140
8140
8139
8138
8137
8136
8135
8134
8127
8125
8124
8123
8122
8122
8119
8117
8117
8116
8116
8114
8113
8112
8112
8111
8111
8110
8110
8110
8108
8108
8107
8107
8105
8105
8104
8104
8103
8103
8103
8103
8102
8102
8102
8101
8097
8097
8096
8095
8093
8092
8091
8090
8089
8088
8088
8087
8086
8085
8085
8081
8081
8081
8080
8079
8078
8078
8077
8077
8076
8075
8075
8075
8075
8073
8068
8066
8066
8066
8066
8062
8062
8061
8061
8061
8059
8058
8056
8055
8052
8051
8049
8048
8048
8046
8045
8044
8044
8040
8039
8036
8035
8035
8034
8032
8029
8028
8024
8022
8022
8022
8020
8020
8018
8017
8016
8014
8013
8012
8011
8011
8009
8005
8004
8004
8003
8002
8001
8001
8000
8000
8000
7999
7998
7998
7995
7994
7993
7991
7991
7990
7988
7987
7987
7987
7987
7986
7986
7986
7985
7985
7983
7976
7975
7974
7972
7971
7969
7969
7969
7967
7967
7966
7965
7965
7964
7963
7962
7962
7961
7958
7957
7957
7955
7952
7952
7952
7951
7951
7950
7950
7950
7949
7947
7946
7945
7945
7945
7944
7943
7943
7942
7942
7941
7940
7939
7939
7939
7938
7938
7936
7933
7933
7931
7930
7929
7928
7928
7926
7926
7926
7925
7925
7923
7921
7919
7919
7917
7915
7914
7914
7909
7909
7907
7907
7906
7906
7906
7905
7905
7905
7904
7904
7904
7903
7903
7903
7902
7900
7897
7894
7892
7891
7889
7889
7889
7886
7884
7882
7880
7877
7877
7877
7877
7876
7875
7874
7874
7873
7873
7871
7870
7870
7869
7869
7868
7867
7867
7867
7866
7865
7863
7862
7860
7860
7859
7858
7858
7854
7854
7853
7852
7852
7851
7850
7850
7849
7849
7848
7847
7847
7846
7841
7840
7837
7833
7832
7832
7831
7828
7827
7827
7827
7826
7826
7826
7826
7826
7826
7825
7824
7822
7822
7821
7820
7818
7818
7812
7810
7810
7809
7808
7808
7806
7805
7805
7802
7802
7801
7801
7801
7800
7799
7799
7795
7795
7795
7795
7794
7793
7792
7791
7791
7789
7788
7788
7787
7787
7785
7784
7782
7781
7780
7779
7779
7779
7778
7777
7776
7776
7775
7775
7774
7773
7773
7771
7770
7770
7770
7768
7768
7768
7767
7765
7764
7764
7763
7760
7760
7760
7760
7759
7758
7756
7755
7755
7754
7749
7746
7745
7744
7744
7743
7742
7742
7739
7738
7736
7735
7734
7731
7730
7730
7729
7728
7728
7728
7724
7723
7723
7721
7721
7720
7720
7720
7720
7718
7718
7716
7715
7714
7714
7712
7711
7711
7710
7710
7709
7708
7706
7705
7705
7705
7704
7704
7704
7703
7703
7702
7702
7702
7702
7701
7697
7697
7695
7694
7694
7693
7691
7689
7687
7683
7682
7682
7681
7681
7679
7678
7676
7676
7675
7675
7675
7671
7670
7666
7666
7660
7659
7659
7654
7653
7649
7647
7647
7646
7643
7643
7641
7640
7640
7636
7635
7635
7634
7633
7633
7632
7631
7629
7629
7627
7627
7626
7626
7624
7624
7623
7623
7622
7620
7618
7617
7616
7616
7611
7610
7610
7610
7609
7609
7608
7608
7608
7606
7605
7605
7602
7602
7601
7601
7600
7599
7597
7597
7595
7595
7595
7594
7587
7586
7585
7585
7580
7580
7577
7576
7576
7574
7574
7573
7572
7572
7570
7570
7568
7568
7564
7563
7562
7562
7560
7554
7553
7551
7550
7550
7549
7549
7548
7548
7547
7547
7547
7546
7544
7544
7542
7542
7541
7538
7537
7537
7534
7533
7530
7530
7530
7529
7529
7527
7527
7526
7522
7522
7521
7519
7518
7518
7517
7517
7517
7516
7516
7515
7514
7514
7512
7510
7510
7509
7508
7508
7508
7505
7504
7503
7503
7502
7502
7501
7499
7499
7498
7497
7496
7495
7495
7493
7491
7486
7484
7483
7483
7483
7482
7479
7479
7479
7477
7477
7475
7474
7474
7473
7473
7473
7472
7472
7471
7471
7470
7470
7469
7469
7468
7468
7467
7467
7465
7464
7463
7463
7461
7460
7460
7460
7459
7458
7457
7457
7456
7451
7449
7449
7448
7447
7446
7445
7445
7445
7444
7441
7440
7440
7440
7439
7439
7438
7438
7436
7435
7435
7432
7432
7431
7430
7429
7427
7427
7427
7427
7427
7420
7418
7418
7418
7417
7417
7414
7411
7409
7408
7408
7408
7408
7407
7402
7401
7401
7401
7399
7398
7397
7396
7395
7393
7393
7393
7393
7392
7391
7388
7388
7387
7387
7385
7385
7384
7382
7380
7380
7379
7378
7376
7376
7375
7375
7373
7372
7371
7371
7371
7370
7370
7368
7368
7367
7366
7366
7364
7363
7362
7362
7360
7360
7359
7358
7357
7354
7354
7353
7353
7352
7352
7352
7350
7350
7350
7349
7347
7347
7346
7346
7346
7346
7345
7344
7343
7343
7341
7341
7341
7340
7339
7338
7336
7335
7333
7333
7333
7331
7329
7329
7329
7325
7324
7324
7323
7322
7322
7321
7321
7319
7315
7315
7315
7315
7315
7314
7313
7313
7311
7310
7308
7305
7304
7302
7301
7300
7299
7298
7297
7296
7296
7295
7292
7292
7291
7290
7290
7289
7287
7284
7283
7283
7283
7282
7281
7280
7280
7280
7280
7279
7278
7278
7277
7275
7274
7273
7270
7270
7269
7269
7269
7268
7268
7267
7265
7263
7263
7260
7260
7259
7259
7258
7256
7256
7254
7252
7252
7252
7248
7247
7245
7243
7242
7242
7241
7240
7240
7240
7240
7239
7239
7237
7237
7237
7236
7236
7236
7235
7235
7233
7233
7233
7230
7227
7226
7226
7226
7225
7223
7222
7222
7221
7221
7220
7220
7219
7219
7218
7216
7216
7216
7215
7214
7212
7209
7204
7203
7201
7201
7201
7200
7200
7199
7198
7195
7194
7194
7194
7193
7193
7193
7191
7190
7190
7189
7189
7189
7188
7188
7187
7187
7187
7186
7186
7185
7184
7184
7183
7182
7180
7180
7178
7178
7177
7176
7176
7176
7175
7174
7174
7174
7169
7168
7167
7166
7166
7163
7157
7154
7154
7152
7152
7152
7151
7150
7150
7146
7145
7144
7143
7143
7142
7140
7140
7138
7136
7136
7135
7132
7131
7131
7130
7128
7125
7125
7123
7119
7119
7118
7116
7115
7115
7114
7113
7113
7111
7109
7107
7106
7103
7102
7102
7102
7102
7099
7099
7097
7096
7095
7095
7095
7093
7092
7092
7091
7091
7089
7089
7088
7086
7085
7085
7082
7081
7081
7081
7081
7080
7080
7080
7079
7078
7077
7077
7076
7074
7073
7073
7073
7073
7071
7071
7068
7066
7066
7065
7065
7065
7064
7064
7063
7060
7060
7056
7055
7055
7053
7053
7053
7052
7050
7047
7047
7045
7044
7040
7039
7039
7039
7038
7038
7037
7036
7035
7031
7030
7028
7025
7024
7023
7023
7019
7019
7016
7014
7011
7010
7010
7009
7007
7007
7007
7003
7002
6997
6996
6994
6992
6992
6991
6990
6989
6985
6984
6984
6983
6983
6981
6979
6978
6978
6977
6977
6977
6977
6976
6976
6974
6973
6972
6971
6971
6970
6969
6968
6966
6965
6963
6963
6961
6960
6959
6958
6954
6954
6954
6954
6951
6950
6948
6945
6945
6945
6943
6943
6942
6942
6942
6941
6939
6938
6937
6936
6936
6936
6934
6932
6931
6930
6928
6928
6926
6922
6922
6922
6920
6919
6917
6917
6917
6916
6915
6915
6913
6911
6911
6911
6910
6909
6908
6908
6906
6905
6904
6904
6900
6899
6898
6898
6898
6896
6895
6894
6892
6891
6891
6891
6890
6889
6886
6885
6885
6883
6883
6882
6882
6879
6878
6877
6877
6877
6876
6875
6874
6873
6872
6868
6868
6868
6867
6865
6864
6863
6863
6862
6861
6859
6858
6855
6852
6852
6851
6851
6851
6850
6849
6846
6845
6843
6842
6842
6841
6841
6841
6841
6840
6839
6838
6836
6835
6832
6831
6831
6831
6830
6828
6828
6827
6825
6825
6823
6822
6820
6820
6818
6818
6817
6816
6816
6816
6814
6813
6811
6810
6810
6809
6809
6805
6804
6802
6802
6801
6801
6801
6801
6800
6799
6798
6797
6796
6794
6793
6792
6791
6791
6790
6790
6789
6789
6789
6789
6785
6783
6782
6782
6782
6782
6782
6781
6780
6780
6779
6777
6776
6775
6775
6775
6775
6774
6774
6774
6772
6772
6771
6771
6771
6770
6768
6767
6767
6767
6766
6766
6765
6764
6762
6762
6761
6760
6758
6758
6758
6757
6757
6755
6754
6753
6753
6753
6753
6753
6753
6752
6751
6750
6749
6749
6746
6746
6746
6745
6743
6743
6743
6743
6743
6743
6741
6740
6739
6738
6737
6737
6733
6733
6733
6733
6727
6727
6725
6724
6724
6722
6720
6720
6719
6717
6717
6716
6714
6713
6713
6712
6712
6711
6711
6710
6710
6710
6709
6709
6709
6709
6708
6708
6707
6707
6707
6706
6706
6705
6704
6704
6701
6700
6700
6700
6699
6698
6697
6696
6693
6693
6693
6691
6691
6691
6689
6689
6689
6689
6688
6687
6686
6685
6684
6684
6681
6681
6680
6679
6678
6678
6677
6677
6674
6671
6670
6670
6670
6669
6668
6667
6666
6665
6663
6661
6660
6658
6656
6653
6653
6650
6649
6648
6647
6647
6642
6641
6640
6640
6638
6638
6637
6637
6631
6631
6630
6630
6629
6629
6627
6626
6626
6625
6624
6623
6623
6623
6622
6621
6621
6620
6619
6619
6617
6617
6614
6613
6612
6608
6607
6606
6605
6605
6604
6603
6602
6601
6598
6597
6596
6594
6594
6591
6588
6586
6585
6584
6584
6583
6581
6580
6579
6578
6576
6575
6572
6572
6570
6570
6569
6567
6567
6566
6565
6563
6563
6561
6561
6561
6560
6559
6558
6558
6557
6556
6556
6556
6555
6555
6551
6551
6550
6548
6546
6546
6546
6545
6545
6545
6545
6545
6544
6542
6541
6541
6541
6539
6539
6538
6538
6537
6537
6536
6536
6536
6535
6534
6534
6533
6532
6532
6531
6530
6530
6529
6528
6528
6527
6524
6524
6523
6521
6521
6520
6519
6519
6518
6518
6517
6515
6515
6515
6514
6510
6509
6509
6508
6507
6505
6503
6503
6502
6502
6500
6498
6496
6496
6495
6494
6494
6493
6493
6492
6491
6491
6491
6488
6488
6487
6485
6485
6485
6484
6483
6483
6482
6481
6477
6476
6475
6473
6473
6473
6472
6470
6469
6466
6465
6463
6463
6463
6462
6461
6461
6460
6460
6459
6459
6457
6457
6457
6456
6454
6452
6452
6450
6447
6447
6447
6445
6444
6444
6443
6440
6439
6439
6437
6436
6436
6431
6431
6430
6428
6428
6427
6427
6425
6425
6425
6424
6423
6423
6422
6421
6419
6416
6412
6411
6406
6406
6405
6405
6403
6403
6402
6401
6400
6398
6398
6396
6395
6395
6395
6392
6391
6391
6389
6388
6386
6386
6386
6385
6385
6385
6385
6385
6384
6383
6383
6383
6382
6381
6381
6381
6380
6379
6377
6377
6376
6373
6372
6371
6371
6371
6369
6369
6368
6365
6364
6364
6364
6359
6359
6358
6358
6357
6354
6354
6352
6352
6351
6350
6348
6347
6344
6341
6341
6333
6333
6332
6331
6331
6331
6329
6329
6328
6328
6326
6325
6325
6324
6323
6323
6323
6321
6320
6319
6319
6317
6316
6315
6314
6310
6310
6306
6305
6304
6303
6301
6301
6299
6299
6299
6299
6298
6298
6297
6295
6295
6295
6288
6287
6285
6283
6281
6279
6276
6276
6270
6270
6268
6267
6267
6266
6265
6263
6262
6260
6260
6259
6254
6254
6252
6251
6246
6246
6245
6243
6242
6241
6240
6239
6239
6238
6238
6235
6234
6233
6232
6232
6230
6229
6226
6224
6221
6220
6218
6217
6216
6215
6215
6215
6213
6213
6213
6211
6209
6209
6208
6208
6207
6207
6206
6205
6202
6202
6201
6199
6193
6193
6191
6190
6190
6190
6188
6188
6187
6187
6186
6185
6184
6181
6179
6179
6178
6177
6177
6175
6175
6175
6174
6173
6172
6171
6168
6167
6167
6167
6166
6166
6166
6165
6165
6165
6163
6161
6161
6161
6161
6154
6153
6152
6151
6151
6150
6149
6149
6148
6148
6146
6145
6144
6144
6142
6141
6141
6139
6138
6137
6135
6135
6135
6134
6133
6133
6132
6132
6131
6130
6130
6130
6129
6129
6129
6128
6128
6127
6125
6123
6123
6123
6122
6119
6119
6118
6116
6116
6115
6115
6115
6114
6113
6112
6112
6112
6112
6111
6111
6110
6110
6109
6108
6107
6105
6104
6104
6102
6101
6098
6098
6096
6095
6085
6084
6084
6084
6083
6082
6082
6082
6081
6079
6078
6078
6077
6075
6073
6071
6069
6068
6068
6068
6065
6064
6064
6063
6062
6059
6056
6056
6056
6055
6053
6053
6053
6053
6052
6052
6050
6049
6048
6047
6044
6040
6036
6036
6033
6033
6031
6030
6030
6030
6028
6025
6025
6025
6024
6023
6023
6022
6021
6019
6018
6018
6017
6016
6014
6014
6013
6013
6013
6012
6011
6011
6011
6011
6010
6010
6009
6009
6009
6002
6002
6002
6000
6000
5997
5996
5996
5996
5995
5994
5994
5993
5989
5988
5988
5988
5987
5987
5985
5985
5984
5982
5982
5982
5981
5981
5981
5981
5980
5979
5979
5979
5978
5977
5977
5977
5976
5976
5975
5974
5974
5972
5972
5969
5969
5968
5968
5967
5966
5966
5964
5963
5963
5954
5952
5951
5951
5950
5948
5948
5948
5947
5946
5946
5945
5945
5945
5944
5943
5942
5941
5941
5940
5940
5940
5940
5940
5939
5939
5936
5935
5933
5932
5931
5930
5929
5928
5928
5927
5925
5925
5924
5924
5923
5923
5922
5921
5921
5918
5918
5917
5917
5916
5916
5915
5913
5912
5912
5910
5910
5909
5908
5908
5907
5907
5907
5904
5904
5901
5901
5901
5899
5899
5897
5896
5896
5895
5894
5892
5892
5891
5891
5891
5890
5890
5890
5889
5888
5888
5888
5888
5887
5887
5887
5886
5885
5884
5883
5882
5882
5881
5880
5879
5879
5878
5878
5877
5877
5875
5872
5872
5871
5871
5869
5869
5869
5868
5867
5865
5865
5864
5863
5863
5862
5861
5860
5859
5859
5855
5854
5854
5853
5852
5851
5849
5849
5848
5847
5845
5845
5845
5843
5843
5842
5840
5840
5838
5838
5838
5837
5837
5837
5837
5836
5833
5833
5831
5831
5831
5825
5821
5820
5820
5818
5817
5816
5814
5812
5811
5810
5808
5805
5804
5803
5802
5800
5800
5799
5799
5796
5795
5795
5795
5792
5792
5785
5784
5783
5782
5781
5780
5778
5776
5776
5775
5774
5773
5771
5770
5770
5769
5769
5768
5768
5767
5767
5767
5766
5765
5764
5764
5762
5760
5760
5760
5759
5757
5757
5756
5755
5752
5751
5751
5749
5747
5746
5746
5746
5742
5742
5741
5737
5737
5735
5735
5734
5734
5733
5733
5732
5730
5730
5729
5728
5727
5726
5725
5725
5724
5723
5722
5720
5719
5719
5718
5717
5715
5715
5715
5714
5712
5706
5704
5702
5701
5701
5701
5701
5701
5698
5698
5697
5697
5696
5696
5696
5694
5693
5693
5693
5693
5692
5692
5691
5688
5687
5684
5684
5681
5681
5681
5681
5681
5680
5680
5676
5675
5675
5673
5673
5673
5670
5669
5665
5664
5663
5662
5662
5660
5659
5656
5656
5655
5654
5653
5652
5651
5651
5650
5649
5649
5649
5649
5646
5645
5642
5641
5641
5640
5640
5638
5637
5635
5632
5629
5628
5627
5626
5626
5624
5622
5621
5621
5619
5618
5618
5617
5617
5616
5616
5613
5613
5613
5610
5610
5609
5608
5607
5603
5603
5602
5602
5601
5601
5599
5599
5598
5597
5596
5595
5593
5593
5591
5589
5588
5586
5584
5584
5584
5583
5582
5581
5580
5578
5575
5575
5572
5572
5571
5571
5571
5570
5568
5568
5567
5567
5567
5566
5566
5566
5564
5563
5563
5563
5561
5560
5560
5559
5559
5558
5556
5554
5554
5553
5552
5552
5552
5551
5550
5550
5549
5546
5546
5542
5542
5542
5541
5541
5540
5540
5539
5539
5536
5536
5535
5534
5533
5531
5530
5529
5529
5528
5527
5526
5525
5525
5524
5522
5522
5522
5522
5520
5518
5518
5514
5513
5513
5512
5510
5510
5509
5508
5508
5507
5507
5506
5506
5505
5504
5504
5503
5503
5502
5502
5502
5501
5501
5501
5500
5499
5498
5497
5497
5497
5497
5497
5495
5495
5494
5493
5493
5492
5488
5488
5487
5487
5487
5486
5486
5486
5485
5483
5483
5478
5478
5477
5477
5476
5476
5476
5475
5475
5475
5472
5472
5471
5471
5470
5469
5467
5466
5466
5465
5465
5464
5464
5463
5462
5461
5461
5461
5460
5459
5459
5458
5458
5457
5456
5454
5454
5453
5452
5451
5449
5449
5449
5449
5446
5446
5445
5445
5443
5441
5438
5438
5437
5437
5435
5433
5431
5429
5428
5427
5426
5426
5425
5423
5423
5422
5422
5421
5421
5420
5419
5418
5417
5416
5416
5415
5415
5414
5414
5413
5413
5412
5410
5408
5408
5407
5404
5403
5402
5401
5401
5400
5398
5398
5397
5396
5394
5393
5393
5393
5392
5392
5392
5391
5391
5390
5390
5389
5389
5388
5388
5388
5387
5386
5386
5384
5382
5382
5381
5380
5379
5378
5378
5378
5376
5375
5374
5370
5369
5368
5368
5366
5366
5366
5363
5362
5362
5362
5362
5360
5358
5357
5356
5355
5352
5350
5350
5348
5345
5344
5344
5343
5342
5339
5338
5337
5337
5336
5336
5335
5332
5332
5332
5330
5328
5327
5326
5325
5323
5323
5322
5322
5321
5321
5321
5316
5316
5316
5312
5312
5311
5311
5311
5311
5311
5309
5307
5306
5305
5305
5304
5304
5304
5303
5303
5302
5300
5300
5293
5293
5292
5291
5291
5290
5289
5288
5287
5285
5284
5282
5280
5280
5278
5278
5278
5276
5276
5275
5275
5274
5273
5272
5272
5269
5268
5268
5267
5266
5265
5265
5264
5263
5260
5259
5256
5255
5253
5251
5251
5250
5250
5250
5248
5248
5247
5246
5246
5245
5242
5239
5239
5237
5237
5236
5235
5235
5235
5235
5234
5232
5232
5231
5230
5229
5229
5228
5227
5227
5226
5226
5225
5225
5223
5223
5222
5221
5221
5219
5218
5218
5216
5214
5213
5211
5211
5210
5210
5208
5207
5206
5206
5206
5204
5203
5202
5202
5200
5199
5195
5194
5193
5191
5190
5189
5188
5183
5182
5179
5178
5177
5175
5175
5172
5172
5170
5170
5170
5167
5167
5166
5166
5164
5163
5161
5160
5160
5160
5157
5155
5154
5152
5150
5149
5149
5149
5148
5148
5148
5147
5146
5145
5145
5144
5143
5143
5141
5141
5140
5139
5138
5138
5137
5137
5136
5135
5134
5133
5132
5132
5131
5131
5130
5130
5128
5128
5128
5127
5127
5125
5124
5122
5122
5122
5120
5120
5120
5119
5117
5116
5116
5113
5112
5110
5110
5108
5108
5108
5108
5107
5107
5107
5105
5105
5104
5104
5103
5101
5098
5096
5095
5094
5094
5093
5092
5092
5091
5090
5089
5089
5088
5088
5088
5087
5087
5085
5085
5082
5081
5081
5080
5079
5078
5078
5077
5076
5075
5074
5073
5073
5072
5072
5071
5070
5069
5069
5067
5067
5065
5065
5062
5062
5062
5060
5060
5059
5059
5059
5058
5058
5057
5057
5056
5055
5053
5051
5050
5050
5049
5049
5046
5045
5043
5040
5039
5039
5038
5038
5035
5034
5032
5032
5031
5031
5031
5029
5029
5028
5028
5027
5027
5026
5025
5025
5025
5024
5024
5024
5022
5021
5019
5019
5016
5015
5013
5012
5011
5009
5009
5008
5005
5005
5001
5000
4999
4999
4998
4998
4996
4995
4994
4994
4992
4990
4988
4987
4985
4985
4985
4984
4982
4980
4979
4979
4975
4974
4974
4973
4972
4972
4970
4968
4968
4968
4967
4965
4965
4964
4964
4963
4962
4960
4959
4959
4958
4957
4955
4955
4954
4954
4952
4951
4949
4949
4948
4947
4944
4944
4944
4942
4942
4941
4940
4939
4938
4938
4937
4936
4935
4934
4933
4931
4931
4930
4930
4930
4927
4926
4925
4924
4921
4919
4919
4917
4916
4915
4914
4913
4911
4910
4909
4909
4908
4908
4906
4904
4904
4904
4903
4902
4902
4900
4900
4897
4897
4896
4896
4894
4894
4893
4891
4890
4890
4888
4888
4888
4885
4885
4885
4883
4883
4879
4878
4878
4878
4876
4876
4873
4873
4871
4868
4867
4865
4864
4864
4864
4864
4864
4864
4863
4863
4863
4861
4861
4859
4859
4858
4857
4857
4857
4855
4855
4853
4851
4851
4851
4850
4849
4849
4848
4847
4847
4845
4844
4844
4844
4844
4842
4841
4840
4838
4837
4836
4834
4832
4831
4831
4830
4829
4829
4829
4826
4826
4824
4824
4824
4823
4822
4822
4819
4819
4819
4819
4818
4818
4817
4816
4815
4814
4813
4812
4811
4811
4810
4809
4806
4805
4804
4798
4797
4795
4794
4794
4792
4792
4791
4791
4790
4790
4790
4789
4787
4785
4785
4783
4782
4781
4779
4778
4778
4778
4777
4777
4775
4773
4771
4771
4771
4768
4768
4768
4765
4764
4764
4764
4762
4761
4760
4760
4757
4757
4756
4756
4756
4754
4753
4752
4752
4752
4751
4749
4748
4747
4745
4745
4742
4742
4741
4741
4740
4740
4735
4733
4732
4732
4730
4729
4726
4726
4725
4724
4724
4722
4722
4721
4721
4720
4718
4717
4717
4716
4716
4716
4712
4710
4708
4706
4705
4704
4704
4704
4703
4703
4702
4702
4702
4701
4700
4698
4696
4693
4689
4688
4687
4686
4686
4684
4684
4681
4681
4680
4679
4679
4679
4678
4677
4676
4676
4674
4673
4670
4668
4667
4665
4664
4659
4659
4657
4655
4654
4654
4652
4650
4649
4647
4646
4645
4645
4643
4642
4641
4641
4639
4638
4638
4637
4636
4635
4634
4634
4634
4632
4631
4629
4628
4627
4627
4623
4621
4620
4620
4618
4618
4618
4617
4615
4615
4615
4615
4613
4612
4612
4610
4609
4608
4607
4605
4604
4604
4604
4604
4603
4602
4600
4600
4600
4598
4596
4595
4594
4594
4594
4591
4590
4590
4589
4589
4588
4586
4585
4585
4583
4583
4581
4581
4580
4580
4579
4578
4577
4576
4576
4576
4576
4575
4574
4573
4572
4569
4569
4568
4567
4566
4566
4565
4565
4565
4564
4562
4561
4559
4557
4557
4556
4555
4555
4554
4553
4552
4550
4550
4550
4549
4548
4547
4547
4546
4545
4545
4543
4541
4539
4539
4538
4538
4538
4537
4537
4536
4536
4535
4534
4534
4534
4534
4534
4533
4532
4532
4530
4527
4526
4526
4525
4524
4524
4522
4520
4519
4518
4516
4515
4514
4514
4513
4513
4511
4510
4508
4502
4500
4500
4498
4497
4497
4496
4495
4491
4490
4490
4490
4488
4487
4486
4483
4483
4482
4480
4479
4477
4476
4475
4475
4475
4474
4474
4473
4473
4473
4472
4471
4471
4470
4468
4468
4468
4467
4467
4466
4466
4466
4466
4466
4465
4465
4464
4461
4461
4461
4458
4458
4457
4457
4457
4454
4454
4454
4449
4449
4449
4448
4445
4445
4444
4443
4443
4443
4442
4441
4441
4439
4438
4437
4437
4434
4434
4433
4431
4430
4428
4427
4426
4426
4425
4424
4423
4422
4419
4419
4417
4417
4415
4415
4414
4414
4414
4414
4414
4409
4408
4405
4404
4404
4402
4402
4402
4402
4402
4402
4401
4400
4399
4398
4397
4396
4395
4395
4395
4393
4391
4388
4388
4388
4388
4386
4386
4385
4385
4383
4380
4380
4378
4377
4377
4377
4375
4372
4372
4371
4370
4369
4368
4368
4366
4366
4366
4365
4365
4365
4365
4365
4363
4361
4361
4359
4358
4357
4357
4356
4354
4353
4351
4351
4351
4349
4349
4349
4348
4348
4347
4345
4344
4344
4344
4344
4343
4342
4341
4341
4340
4340
4340
4340
4339
4335
4333
4332
4332
4332
4332
4332
4331
4330
4330
4330
4327
4325
4324
4323
4320
4320
4320
4319
4318
4317
4316
4316
4316
4313
4312
4311
4309
4308
4308
4307
4305
4304
4303
4302
4302
4301
4301
4300
4299
4299
4299
4298
4295
4293
4293
4292
4292
4291
4289
4285
4284
4283
4282
4282
4281
4280
4280
4279
4278
4277
4276
4273
4271
4271
4270
4269
4269
4268
4267
4265
4264
4264
4262
4261
4261
4261
4260
4257
4257
4257
4256
4255
4254
4254
4253
4253
4252
4252
4252
4251
4251
4251
4251
4250
4250
4249
4248
4248
4247
4244
4244
4243
4243
4240
4240
4239
4238
4236
4235
4234
4233
4233
4232
4232
4232
4230
4229
4229
4228
4227
4227
4225
4225
4224
4224
4224
4223
4223
4222
4221
4219
4218
4216
4215
4215
4214
4213
4211
4210
4209
4209
4207
4207
4205
4203
4203
4203
4202
4202
4199
4196
4195
4193
4191
4190
4187
4187
4187
4186
4185
4185
4184
4184
4183
4183
4183
4182
4182
4180
4180
4177
4177
4177
4176
4175
4173
4173
4172
4171
4171
4171
4171
4170
4170
4169
4168
4167
4166
4164
4163
4162
4161
4160
4158
4158
4158
4155
4153
4153
4152
4152
4152
4150
4149
4149
4148
4148
4148
4148
4145
4145
4145
4144
4143
4140
4140
4140
4139
4138
4138
4137
4135
4134
4133
4132
4131
4130
4129
4129
4129
4128
4125
4125
4125
4124
4124
4121
4121
4119
4118
4117
4116
4114
4114
4113
4112
4110
4108
4108
4108
4107
4106
4106
4104
4101
4101
4100
4099
4099
4099
4099
4097
4097
4095
4090
4089
4089
4086
4085
4084
4083
4082
4081
4079
4077
4076
4074
4073
4073
4072
4070
4069
4067
4066
4065
4065
4064
4064
4062
4062
4061
4060
4057
4057
4057
4057
4056
4056
4056
4055
4055
4055
4054
4051
4051
4051
4050
4050
4048
4045
4044
4043
4042
4042
4038
4037
4037
4036
4036
4036
4036
4034
4033
4033
4032
4031
4031
4030
4029
4029
4029
4028
4028
4026
4025
4024
4020
4018
4017
4015
4015
4013
4012
4011
4011
4011
4002
4001
4001
4000
3997
3995
3994
3994
3993
3991
3990
3989
3984
3984
3982
3981
3979
3979
3978
3978
3976
3972
3972
3972
3971
3971
3969
3968
3967
3966
3965
3965
3965
3964
3963
3963
3962
3962
3960
3959
3959
3959
3959
3958
3955
3955
3952
3951
3949
3949
3945
3944
3944
3944
3944
3942
3938
3938
3938
3938
3937
3937
3936
3936
3936
3934
3931
3929
3929
3928
3924
3924
3920
3919
3918
3917
3917
3917
3915
3914
3912
3912
3911
3911
3910
3910
3908
3908
3908
3906
3906
3900
3900
3899
3897
3897
3897
3896
3896
3894
3894
3893
3893
3893
3890
3883
3881
3880
3879
3879
3878
3877
3877
3876
3871
3870
3869
3868
3868
3867
3866
3865
3864
3864
3863
3863
3862
3862
3860
3858
3857
3856
3855
3855
3855
3854
3851
3850
3850
3845
3845
3844
3844
3842
3841
3841
3840
3838
3837
3836
3836
3835
3835
3833
3832
3831
3830
3829
3827
3826
3826
3825
3825
3824
3823
3822
3820
3816
3813
3811
3808
3808
3806
3806
3806
3806
3804
3802
3801
3800
3799
3797
3797
3794
3793
3793
3792
3792
3792
3792
3791
3790
3787
3787
3786
3784
3783
3782
3782
3782
3782
3781
3780
3780
3779
3778
3778
3777
3775
3775
3772
3770
3769
3765
3764
3763
3762
3760
3759
3758
3758
3755
3755
3752
3751
3750
3748
3748
3748
3744
3740
3737
3734
3733
3732
3732
3732
3731
3730
3730
3729
3728
3727
3726
3725
3725
3725
3723
3722
3721
3720
3719
3718
3718
3718
3716
3715
3715
3712
3712
3712
3712
3710
3709
3708
3700
3699
3699
3699
3698
3697
3697
3695
3692
3691
3688
3688
3686
3685
3684
3684
3682
3682
3681
3680
3677
3676
3676
3676
3673
3672
3672
3669
3669
3664
3664
3663
3663
3663
3663
3661
3660
3659
3658
3654
3652
3651
3651
3651
3649
3649
3649
3647
3646
3646
3645
3642
3641
3641
3641
3641
3638
3630
3628
3626
3624
3624
3622
3620
3619
3618
3617
3616
3615
3615
3614
3613
3613
3612
3612
3611
3611
3609
3609
3608
3606
3606
3606
3606
3605
3604
3602
3601
3601
3600
3600
3599
3599
3599
3598
3596
3593
3592
3591
3590
3590
3590
3589
3589
3586
3586
3585
3585
3584
3583
3581
3581
3579
3579
3578
3578
3577
3577
3576
3576
3576
3575
3575
3574
3572
3569
3569
3569
3568
3567
3566
3566
3565
3564
3564
3563
3563
3561
3561
3560
3559
3559
3558
3557
3557
3555
3554
3554
3553
3553
3552
3551
3549
3547
3547
3547
3546
3543
3543
3542
3542
3541
3541
3540
3538
3538
3537
3535
3533
3533
3533
3530
3530
3530
3528
3528
3528
3525
3524
3522
3521
3518
3518
3518
3517
3514
3513
3511
3511
3510
3510
3509
3509
3507
3507
3505
3504
3503
3502
3500
3500
3499
3499
3499
3498
3495
3495
3494
3493
3492
3491
3489
3488
3487
3485
3484
3484
3482
3482
3478
3477
3476
3475
3475
3474
3474
3473
3471
3470
3469
3468
3468
3467
3467
3466
3463
3462
3461
3461
3461
3460
3460
3459
3458
3457
3456
3456
3456
3451
3450
3448
3447
3445
3444
3442
3442
3441
3440
3440
3438
3437
3437
3437
3434
3432
3432
3430
3429
3423
3421
3420
3420
3419
3418
3417
3417
3416
3415
3415
3412
3412
3410
3410
3410
3409
3405
3405
3404
3403
3403
3400
3399
3399
3399
3398
3397
3394
3394
3393
3392
3391
3391
3391
3390
3390
3388
3387
3387
3387
3386
3385
3384
3384
3382
3380
3380
3378
3377
3377
3375
3375
3374
3374
3372
3371
3370
3370
3367
3366
3366
3365
3360
3360
3360
3360
3359
3359
3357
3357
3357
3356
3353
3351
3349
3349
3347
3343
3342
3337
3337
3336
3336
3335
3335
3335
3335
3335
3334
3333
3331
3329
3327
3327
3325
3324
3323
3322
3321
3321
3320
3320
3320
3318
3318
3318
3317
3317
3317
3316
3316
3316
3315
3312
3311
3310
3308
3305
3303
3302
3302
3302
3300
3299
3296
3295
3294
3292
3291
3291
3291
3290
3290
3289
3289
3288
3287
3287
3286
3285
3284
3284
3281
3280
3280
3280
3279
3279
3279
3278
3278
3275
3274
3274
3271
3271
3266
3263
3263
3262
3262
3262
3261
3260
3259
3257
3256
3255
3253
3252
3250
3249
3248
3247
3245
3245
3245
3245
3245
3245
3244
3243
3243
3242
3242
3241
3238
3237
3235
3234
3228
3226
3226
3225
3225
3225
3224
3223
3223
3221
3221
3219
3219
3219
3219
3218
3216
3214
3213
3212
3211
3208
3206
3206
3206
3206
3205
3204
3204
3203
3203
3202
3201
3200
3200
3199
3199
3197
3197
3195
3193
3192
3192
3192
3191
3190
3190
3189
3189
3185
3185
3184
3183
3183
3181
3181
3180
3179
3176
3176
3175
3174
3174
3174
3172
3171
3171
3171
3170
3168
3167
3166
3164
3164
3162
3162
3161
3161
3161
3160
3160
3159
3159
3158
3158
3157
3156
3155
3154
3153
3153
3153
3147
3146
3144
3144
3141
3140
3139
3138
3138
3137
3137
3136
3136
3135
3133
3132
3130
3129
3129
3127
3125
3125
3125
3121
3121
3121
3120
3119
3117
3116
3116
3115
3112
3110
3109
3108
3107
3104
3103
3103
3101
3101
3100
3098
3098
3096
3096
3096
3095
3093
3093
3092
3092
3091
3090
3089
3089
3086
3086
3085
3085
3081
3080
3079
3079
3078
3077
3076
3069
3068
3068
3067
3066
3066
3064
3064
3064
3062
3061
3060
3057
3055
3051
3049
3048
3046
3046
3046
3045
3044
3044
3043
3043
3043
3042
3041
3040
3040
3040
3039
3038
3036
3035
3034
3033
3031
3031
3030
3030
3027
3026
3025
3024
3020
3019
3018
3017
3016
3013
3011
3009
3008
3007
3006
3006
3005
3004
3002
3001
3000
2998
2998
2997
2997
2996
2995
2995
2994
2993
2993
2990
2990
2988
2986
2984
2984
2982
2978
2977
2974
2973
2971
2969
2965
2964
2964
2963
2962
2960
2960
2958
2957
2954
2954
2953
2952
2951
2950
2948
2946
2944
2943
2942
2942
2940
2940
2938
2937
2936
2935
2933
2933
2932
2931
2929
2928
2928
2928
2927
2926
2925
2925
2925
2924
2924
2923
2921
2919
2917
2916
2916
2915
2915
2915
2914
2912
2912
2911
2911
2909
2908
2907
2906
2906
2905
2904
2903
2900
2899
2897
2896
2895
2895
2894
2894
2894
2892
2892
2891
2890
2887
2887
2885
2885
2884
2881
2880
2880
2878
2877
2876
2876
2875
2874
2873
2872
2871
2871
2871
2871
2870
2870
2868
2868
2864
2864
2864
2864
2862
2862
2860
2859
2858
2858
2858
2857
2857
2857
2856
2856
2855
2851
2850
2849
2849
2848
2844
2843
2841
2841
2840
2839
2838
2836
2832
2830
2829
2827
2827
2825
2823
2823
2821
2820
2820
2819
2817
2817
2815
2814
2814
2814
2812
2812
2809
2809
2807
2807
2806
2804
2804
2801
2800
2799
2796
2795
2794
2794
2793
2793
2793
2793
2792
2791
2791
2790
2789
2788
2788
2788
2786
2786
2784
2782
2781
2780
2779
2779
2777
2776
2776
2775
2774
2773
2772
2771
2770
2769
2768
2767
2767
2767
2765
2763
2762
2762
2762
2761
2760
2760
2759
2758
2757
2756
2754
2754
2753
2752
2748
2748
2748
2747
2746
2746
2745
2743
2742
2742
2742
2742
2740
2739
2731
2729
2729
2729
2726
2723
2721
2720
2720
2720
2720
2719
2718
2714
2710
2710
2709
2707
2706
2705
2704
2704
2701
2700
2699
2698
2697
2696
2696
2696
2693
2691
2690
2689
2689
2688
2687
2686
2686
2686
2686
2685
2685
2684
2683
2682
2680
2680
2680
2679
2679
2678
2677
2676
2675
2675
2675
2674
2674
2672
2668
2668
2668
2668
2668
2668
2664
2663
2663
2663
2663
2662
2662
2660
2659
2658
2658
2656
2655
2655
2652
2652
2650
2649
2648
2646
2646
2645
2645
2643
2643
2642
2641
2641
2641
2640
2640
2638
2635
2634
2634
2632
2630
2629
2629
2627
2626
2625
2623
2623
2622
2621
2619
2619
2618
2617
2617
2616
2616
2615
2614
2613
2610
2610
2608
2606
2605
2604
2603
2603
2603
2602
2600
2599
2597
2597
2595
2594
2594
2593
2591
2591
2590
2589
2589
2589
2586
2585
2585
2585
2582
2581
2581
2580
2579
2578
2577
2576
2576
2576
2575
2574
2574
2573
2570
2568
2566
2566
2561
2560
2557
2557
2556
2555
2555
2554
2554
2553
2550
2550
2549
2548
2546
2546
2545
2545
2543
2542
2535
2532
2531
2529
2529
2527
2527
2527
2525
2524
2523
2522
2520
2518
2516
2514
2514
2513
2512
2512
2511
2511
2510
2509
2508
2506
2506
2502
2502
2501
2501
2500
2500
2499
2499
2497
2496
2495
2495
2495
2494
2493
2492
2492
2488
2486
2485
2485
2484
2483
2482
2480
2480
2480
2480
2480
2477
2476
2473
2473
2472
2472
2471
2470
2469
2469
2467
2467
2467
2466
2465
2464
2464
2460
2460
2460
2459
2458
2458
2458
2455
2453
2449
2449
2448
2446
2445
2444
2443
2442
2440
2439
2439
2438
2437
2437
2437
2436
2436
2434
2433
2433
2431
2431
2431
2430
2430
2429
2429
2425
2423
2423
2422
2421
2421
2418
2418
2418
2416
2416
2415
2413
2413
2412
2412
2411
2411
2411
2411
2410
2410
2407
2406
2406
2405
2404
2402
2400
2398
2398
2396
2396
2395
2395
2394
2393
2392
2391
2390
2390
2389
2389
2389
2389
2389
2389
2386
2384
2383
2382
2382
2381
2379
2379
2378
2378
2378
2377
2376
2376
2375
2373
2372
2372
2372
2369
2368
2364
2363
2363
2361
2361
2360
2359
2358
2357
2357
2357
2356
2355
2354
2353
2353
2352
2352
2351
2351
2351
2350
2350
2349
2345
2345
2344
2343
2342
2341
2340
2340
2340
2338
2338
2338
2338
2337
2337
2336
2336
2335
2333
2333
2332
2331
2331
2329
2328
2327
2325
2324
2319
2319
2318
2316
2315
2315
2314
2314
2312
2311
2310
2310
2309
2309
2309
2308
2307
2307
2306
2306
2305
2305
2304
2304
2304
2303
2299
2299
2298
2298
2298
2297
2296
2295
2294
2293
2290
2290
2288
2288
2287
2287
2286
2286
2286
2283
2283
2282
2279
2278
2277
2272
2271
2268
2268
2267
2266
2264
2264
2263
2260
2260
2260
2259
2258
2258
2258
2258
2256
2254
2251
2248
2247
2244
2242
2242
2241
2240
2240
2239
2239
2238
2238
2237
2235
2233
2233
2233
2229
2227
2226
2224
2224
2223
2222
2222
2221
2218
2218
2216
2215
2214
2214
2213
2212
2211
2211
2208
2208
2208
2208
2208
2206
2206
2205
2202
2201
2200
2200
2200
2199
2194
2191
2189
2188
2188
2188
2187
2186
2186
2186
2183
2182
2181
2181
2181
2181
2180
2180
2179
2178
2178
2177
2177
2177
2177
2177
2176
2176
2176
2174
2174
2174
2172
2170
2170
2169
2168
2167
2167
2167
2167
2167
2165
2165
2164
2164
2163
2162
2162
2162
2159
2155
2154
2154
2152
2150
2150
2149
2148
2146
2143
2143
2143
2142
2142
2140
2139
2138
2134
2133
2132
2132
2130
2129
2125
2123
2122
2120
2119
2119
2119
2118
2118
2118
2117
2116
2115
2113
2112
2111
2109
2109
2109
2108
2107
2107
2106
2103
2102
2102
2100
2099
2097
2096
2094
2090
2089
2088
2087
2086
2085
2083
2079
2077
2076
2075
2074
2074
2074
2074
2073
2069
2069
2069
2069
2068
2065
2064
2063
2062
2062
2059
2059
2058
2058
2057
2055
2055
2054
2054
2053
2052
2048
2047
2046
2045
2045
2044
2043
2040
2037
2037
2036
2035
2034
2034
2033
2033
2033
2032
2031
2031
2030
2030
2029
2028
2027
2027
2026
2023
2023
2021
2021
2019
2018
2018
2018
2017
2014
2013
2012
2011
2010
2008
2007
2007
2006
2006
2005
2005
2004
2003
2002
2000
2000
1999
1998
1996
1996
1996
1996
1994
1994
1993
1992
1991
1990
1989
1989
1989
1986
1985
1984
1984
1983
1981
1980
1980
1980
1980
1979
1978
1978
1978
1978
1978
1977
1977
1976
1976
1974
1974
1974
1970
1970
1970
1967
1966
1965
1965
1965
1963
1962
1962
1959
1959
1959
1958
1958
1956
1956
1954
1953
1953
1952
1950
1949
1949
1948
1948
1948
1947
1946
1945
1943
1940
1940
1934
1934
1934
1934
1933
1932
1931
1931
1928
1927
1926
1925
1922
1920
1919
1918
1917
1917
1915
1914
1911
1911
1909
1909
1909
1907
1907
1907
1906
1904
1904
1903
1903
1900
1900
1897
1896
1896
1892
1891
1891
1890
1885
1883
1881
1880
1879
1879
1879
1878
1877
1876
1874
1874
1873
1872
1872
1872
1872
1870
1868
1868
1867
1866
1866
1865
1865
1863
1861
1861
1860
1859
1857
1857
1854
1852
1852
1850
1845
1844
1844
1843
1842
1841
1838
1838
1837
1836
1836
1835
1835
1835
1834
1833
1832
1832
1831
1831
1831
1829
1829
1827
1826
1825
1824
1821
1816
1816
1815
1814
1813
1813
1811
1811
1810
1809
1808
1807
1804
1804
1804
1803
1803
1801
1800
1799
1799
1797
1796
1795
1795
1795
1794
1794
1794
1794
1793
1793
1793
1789
1789
1788
1787
1787
1787
1786
1786
1786
1783
1783
1782
1781
1781
1780
1780
1779
1779
1779
1778
1778
1777
1775
1774
1774
1772
1769
1769
1768
1767
1766
1764
1763
1762
1760
1758
1757
1757
1756
1754
1753
1753
1752
1750
1749
1749
1748
1747
1747
1746
1744
1743
1742
1741
1741
1740
1738
1738
1737
1735
1734
1734
1733
1732
1731
1731
1730
1729
1724
1724
1724
1722
1722
1719
1718
1718
1718
1716
1716
1716
1716
1710
1710
1709
1708
1708
1706
1704
1704
1704
1703
1702
1701
1700
1700
1699
1695
1694
1692
1690
1690
1689
1689
1689
1688
1688
1687
1683
1683
1681
1681
1681
1680
1680
1679
1679
1677
1676
1675
1672
1672
1670
1669
1669
1668
1666
1665
1665
1665
1664
1664
1664
1662
1661
1660
1660
1658
1658
1657
1654
1652
1652
1651
1650
1648
1646
1645
1644
1643
1642
1642
1642
1642
1641
1641
1641
1638
1635
1634
1634
1634
1633
1633
1632
1632
1631
1631
1628
1627
1625
1623
1622
1621
1620
1620
1618
1617
1617
1616
1614
1613
1611
1611
1609
1609
1609
1609
1609
1607
1607
1607
1606
1605
1605
1604
1604
1603
1602
1602
1602
1601
1601
1599
1598
1597
1596
1595
1595
1592
1589
1588
1585
1583
1582
1581
1579
1577
1577
1577
1575
1575
1575
1573
1573
1572
1570
1569
1566
1566
1565
1565
1564
1564
1564
1561
1561
1559
1558
1557
1556
1556
1556
1555
1555
1554
1553
1552
1549
1547
1544
1543
1542
1542
1539
1538
1537
1535
1534
1532
1529
1528
1525
1525
1522
1521
1520
1520
1515
1515
1514
1514
1513
1513
1512
1512
1510
1510
1507
1506
1504
1504
1501
1501
1500
1499
1499
1496
1495
1494
1490
1490
1489
1487
1487
1486
1486
1485
1484
1483
1482
1481
1477
1476
1476
1476
1472
1472
1470
1469
1465
1464
1463
1463
1462
1460
1460
1458
1456
1456
1455
1454
1453
1453
1451
1450
1450
1449
1448
1448
1448
1448
1447
1447
1447
1447
1446
1445
1445
1442
1441
1440
1437
1436
1435
1434
1434
1433
1432
1431
1431
1429
1429
1429
1429
1428
1427
1427
1426
1426
1425
1422
1419
1419
1419
1417
1417
1417
1415
1414
1410
1409
1406
1403
1400
1400
1399
1399
1398
1398
1397
1397
1396
1396
1394
1394
1392
1391
1390
1390
1389
1388
1388
1386
1386
1386
1385
1384
1382
1382
1379
1379
1378
1376
1376
1376
1375
1372
1372
1371
1370
1368
1368
1367
1365
1361
1361
1359
1359
1357
1356
1356
1355
1349
1348
1347
1346
1344
1343
1342
1342
1342
1342
1341
1341
1340
1339
1337
1334
1333
1333
1333
1331
1331
1331
1331
1331
1329
1325
1325
1324
1324
1324
1322
1321
1321
1319
1319
1317
1317
1316
1316
1314
1314
1313
1313
1312
1311
1311
1310
1309
1308
1308
1308
1307
1307
1307
1305
1305
1303
1301
1300
1300
1299
1298
1297
1294
1294
1291
1291
1291
1290
1289
1288
1288
1287
1286
1286
1286
1284
1282
1281
1279
1279
1279
1278
1278
1277
1276
1275
1275
1275
1275
1274
1271
1269
1269
1268
1266
1266
1266
1263
1263
1262
1261
1259
1259
1258
1258
1256
1255
1255
1254
1254
1254
1253
1251
1251
1250
1249
1248
1247
1247
1246
1246
1246
1244
1244
1243
1241
1240
1240
1239
1239
1239
1235
1233
1230
1227
1227
1227
1226
1225
1223
1222
1222
1221
1220
1219
1218
1217
1217
1217
1215
1214
1214
1214
1213
1212
1212
1210
1210
1208
1208
1208
1207
1207
1207
1207
1205
1205
1204
1204
1203
1201
1200
1200
1199
1197
1195
1194
1194
1193
1193
1192
1192
1190
1189
1188
1185
1184
1184
1184
1183
1183
1183
1180
1179
1178
1178
1178
1176
1175
1175
1173
1171
1171
1171
1171
1170
1170
1169
1168
1166
1165
1162
1161
1161
1160
1159
1158
1158
1156
1156
1155
1155
1154
1153
1149
1148
1147
1147
1147
1147
1144
1142
1142
1139
1137
1137
1136
1134
1134
1133
1133
1132
1132
1132
1132
1129
1129
1128
1127
1126
1125
1124
1124
1122
1120
1120
1120
1119
1118
1116
1112
1110
1109
1109
1108
1108
1108
1108
1108
1106
1106
1105
1103
1102
1100
1099
1098
1096
1094
1094
1093
1090
1089
1088
1088
1087
1086
1084
1084
1083
1083
1081
1080
1079
1077
1077
1076
1076
1076
1075
1074
1073
1071
1071
1069
1066
1065
1063
1061
1061
1061
1058
1057
1054
1052
1052
1052
1051
1050
1048
1048
1048
1047
1047
1045
1044
1043
1042
1041
1041
1040
1040
1040
1039
1038
1037
1035
1035
1031
1030
1029
1029
1029
1029
1028
1027
1026
1025
1024
1023
1023
1022
1021
1020
1019
1016
1015
1014
1014
1014
1014
1013
1013
1012
1011
1011
1009
1007
1007
1005
1002
1000
1000
998
998
997
996
995
994
994
994
992
992
992
990
989
988
985
985
984
982
981
978
977
976
975
974
974
974
973
973
973
972
971
970
969
968
967
967
966
963
961
960
959
958
958
958
957
956
954
953
953
952
952
950
950
948
947
946
943
943
943
941
941
941
940
940
938
938
937
937
936
935
934
934
933
932
931
930
928
927
926
925
924
923
923
919
917
917
914
913
913
911
911
910
910
909
907
904
904
903
902
901
899
898
896
891
890
890
890
890
889
887
884
881
876
875
875
874
874
873
871
871
869
869
867
866
866
865
865
864
863
861
861
861
860
859
858
857
856
856
854
853
853
852
850
850
847
845
843
841
841
837
837
835
835
834
834
834
833
833
832
831
831
830
830
830
829
829
829
826
826
825
823
822
820
819
818
817
815
814
814
814
813
813
813
812
812
812
810
808
807
807
806
805
804
803
802
799
797
796
796
794
794
794
792
789
787
785
784
784
784
783
780
780
780
778
778
777
777
777
775
774
772
772
771
769
768
767
766
765
765
765
765
764
764
763
763
762
762
761
760
754
753
753
750
748
748
746
746
746
745
744
742
742
741
741
740
740
738
731
727
725
722
719
718
716
716
714
713
713
712
710
707
707
704
704
702
700
700
698
698
694
693
693
691
689
687
687
687
687
684
684
683
683
682
682
681
681
679
679
679
679
678
678
676
675
673
673
672
671
669
668
667
664
664
662
661
661
660
658
658
658
657
656
655
655
654
653
652
651
650
649
649
649
648
647
644
644
644
644
644
642
642
641
641
640
640
639
638
637
637
635
635
633
633
632
630
630
628
627
626
625
623
622
621
619
618
618
617
617
616
614
614
613
612
608
608
608
607
606
606
605
604
604
600
600
599
599
598
597
597
596
595
595
593
593
592
591
588
588
586
585
583
580
580
579
577
577
576
576
575
575
574
574
574
573
572
571
570
570
570
570
569
562
561
561
559
558
556
555
555
546
546
546
544
542
541
541
540
540
539
539
538
537
536
534
533
532
531
530
529
529
528
528
528
525
524
523
519
519
517
515
514
513
513
513
512
511
511
511
510
509
507
507
506
506
505
504
502
501
501
500
500
499
499
497
497
496
496
496
493
493
492
491
491
489
489
487
485
483
481
481
479
479
477
476
475
473
473
471
470
470
470
470
469
468
466
465
465
464
464
464
463
462
461
460
459
459
459
459
457
456
456
456
455
452
451
449
447
446
446
446
444
444
442
441
440
438
437
435
435
434
433
432
432
427
426
425
424
423
422
421
421
420
419
419
418
418
417
414
412
406
406
405
403
402
402
402
402
402
400
400
400
399
398
397
396
394
392
391
389
388
388
387
386
385
385
382
381
379
378
377
377
376
376
374
374
373
373
373
373
373
371
371
369
365
365
364
363
360
359
358
358
357
356
353
353
351
348
347
347
347
346
345
343
342
339
339
339
338
337
336
336
336
333
333
333
332
331
330
329
327
325
324
324
323
323
322
319
319
316
315
315
314
313
312
309
309
307
307
306
305
304
303
300
300
300
299
298
298
297
295
293
292
292
292
291
290
289
288
287
287
286
285
284
282
280
280
278
278
277
277
276
274
273
271
271
270
270
270
269
268
267
267
266
263
263
261
261
260
258
258
257
256
255
251
250
249
249
249
248
247
246
245
244
242
241
241
240
240
238
238
235
235
231
229
229
229
228
227
227
226
224
223
221
216
214
214
214
212
212
210
210
210
208
206
206
203
201
201
199
198
198
198
197
197
197
196
195
195
194
192
191
190
189
188
188
186
185
184
183
183
181
179
178
178
177
177
174
174
174
172
172
171
171
170
169
168
167
166
166
165
165
164
164
162
162
162
160
160
158
157
156
154
153
152
151
151
149
147
146
145
145
143
142
141
141
141
140
139
138
137
137
133
130
129
129
128
126
125
124
124
123
123
123
122
122
121
121
121
120
120
120
118
118
117
115
114
114
111
108
108
107
107
105
105
104
104
101
99
97
96
95
95
95
94
93
91
90
90
89
89
89
88
88
88
87
82
81
80
80
78
77
72
72
70
70
69
68
67
67
66
66
65
65
63
62
60
59
57
57
56
56
56
55
55
55
53
53
53
51
51
51
50
49
49
49
47
46
46
44
43
42
41
40
38
37
35
35
34
34
34
34
31
31
31
31
29
27
25
24
23
23
19
19
18
18
18
18
16
15
14
13
11
8
7
5
4
4
4
1
0
0
